#param comment,Experimental 200x180
#column freq
#column |t|
#column phase(t)
#column real t
#column imag t
0.06103516e+12	0.2279381	-1.016003	0.1200704	-0.1937496
0.06713867e+12	0.2816249	-0.2380526	0.2736828	-0.06641012
0.07324219e+12	0.3781001	-1.29582	0.1026634	-0.3638954
0.0793457e+12	0.18459	-0.6046775	0.1518595	-0.1049388
0.08544922e+12	0.3413444	-1.389	0.0617138	-0.3357192
0.09155273e+12	0.1102034	-1.49725	0.008097754	-0.1099055
0.09765625e+12	0.4110385	-0.6501983	0.3271717	-0.2488198
0.1037598e+12	0.09021977	-1.361524	0.01874298	-0.08825138
0.1098633e+12	0.1473141	-0.2216609	0.1437099	-0.03238704
0.1159668e+12	0.1411732	-1.739957	-0.02376724	-0.1391582
0.1220703e+12	0.1078234	-0.7085617	0.08187018	-0.07016528
0.1281738e+12	0.1122126	-1.316918	0.02818332	-0.1086157
0.1342773e+12	0.111963	-1.101764	0.05060989	-0.0998717
0.1403809e+12	0.1595036	-0.9977363	0.08648375	-0.1340222
0.1464844e+12	0.1190692	-0.7992866	0.08301723	-0.08535582
0.1525879e+12	0.2008272	0.06410646	0.2004147	0.01286551
0.1586914e+12	0.08158254	-1.304514	0.02146818	-0.07870723
0.1647949e+12	0.100818	-0.8539041	0.066242	-0.07600182
0.1708984e+12	0.1117756	-1.030621	0.05748467	-0.09586082
0.177002e+12	0.08854576	-1.131599	0.03765083	-0.08014216
0.1831055e+12	0.1203537	-1.252032	0.03771809	-0.1142907
0.189209e+12	0.130913	-1.358269	0.0276136	-0.1279676
0.1953125e+12	0.1549372	-1.312292	0.03960743	-0.1497892
0.201416e+12	0.1689411	-1.304778	0.04441316	-0.1629986
0.2075195e+12	0.1715308	-1.18515	0.06452271	-0.1589328
0.2136231e+12	0.1628118	-1.196748	0.05948925	-0.1515543
0.2197266e+12	0.1677023	-1.288147	0.04677233	-0.1610478
0.2258301e+12	0.1958465	-1.285071	0.05519996	-0.1879064
0.2319336e+12	0.1817924	-1.184572	0.06848002	-0.1684012
0.2380371e+12	0.1779419	-1.25573	0.05514055	-0.1691829
0.2441406e+12	0.18785	-1.280905	0.05369654	-0.180012
0.2502441e+12	0.1934146	-1.296771	0.05233961	-0.1861982
0.2563477e+12	0.2025182	-1.268706	0.06025255	-0.1933475
0.2624512e+12	0.2065906	-1.295722	0.05611376	-0.1988239
0.2685547e+12	0.2097727	-1.234118	0.06929921	-0.1979954
0.2746582e+12	0.2091659	-1.29291	0.05737915	-0.2011417
0.2807617e+12	0.2269633	-1.242625	0.07315319	-0.214851
0.2868652e+12	0.2244291	-1.207378	0.07977806	-0.209771
0.2929687e+12	0.2209627	-1.233144	0.07319893	-0.2084861
0.2990723e+12	0.2325171	-1.206156	0.08291878	-0.2172296
0.3051758e+12	0.2324603	-1.224781	0.07883929	-0.2186828
0.3112793e+12	0.2391084	-1.173955	0.09241701	-0.2205265
0.3173828e+12	0.2389874	-1.18945	0.088944	-0.2218196
0.3234863e+12	0.2451021	-1.172959	0.09495874	-0.2259599
0.3295898e+12	0.2493512	-1.174744	0.09619451	-0.2300492
0.3356934e+12	0.2520954	-1.16994	0.0983693	-0.2321112
0.3417969e+12	0.2658589	-1.153643	0.1077153	-0.2430605
0.3479004e+12	0.2623991	-1.139572	0.1096786	-0.2383777
0.3540039e+12	0.2655199	-1.137599	0.1114585	-0.2409934
0.3601074e+12	0.2745224	-1.140838	0.11443	-0.2495362
0.3662109e+12	0.2714889	-1.120485	0.1181644	-0.2444246
0.3723145e+12	0.2789826	-1.145039	0.1152227	-0.2540768
0.378418e+12	0.2840167	-1.148286	0.1164614	-0.259041
0.3845215e+12	0.2957343	-1.150697	0.1206156	-0.2700198
0.390625e+12	0.3049309	-1.122012	0.1323007	-0.2747352
0.3967285e+12	0.2972983	-1.110161	0.1321542	-0.266311
0.402832e+12	0.3102647	-1.140787	0.1293431	-0.2820188
0.4089356e+12	0.3166144	-1.120352	0.137843	-0.2850333
0.4150391e+12	0.3195648	-1.104291	0.1437299	-0.2854179
0.4211426e+12	0.3223813	-1.13319	0.1366165	-0.2920029
0.4272461e+12	0.3319932	-1.109816	0.1476793	-0.2973388
0.4333496e+12	0.339023	-1.11518	0.1491754	-0.3044393
0.4394532e+12	0.3437017	-1.098471	0.1563699	-0.3060708
0.4455567e+12	0.3521371	-1.098451	0.1602141	-0.3135793
0.4516602e+12	0.3541448	-1.079709	0.1670092	-0.3122923
0.4577637e+12	0.3607802	-1.075848	0.1713655	-0.3174842
0.4638672e+12	0.3617846	-1.073128	0.1727081	-0.3178993
0.4699707e+12	0.3699372	-1.057784	0.1815665	-0.3223153
0.4760742e+12	0.3707936	-1.080268	0.174678	-0.3270711
0.4821778e+12	0.3846374	-1.057828	0.1887667	-0.3351313
0.4882813e+12	0.3903126	-1.055919	0.1922008	-0.3397098
0.4943848e+12	0.3968182	-1.035415	0.2024443	-0.3412931
0.5004883e+12	0.4026294	-1.031034	0.2069241	-0.345388
0.5065918e+12	0.407924	-1.020457	0.2133345	-0.3476929
0.5126953e+12	0.4159826	-1.011744	0.2206302	-0.3526526
0.5187988e+12	0.4188506	-0.9964622	0.2275514	-0.3516478
0.5249023e+12	0.4250678	-0.9992126	0.2299467	-0.3575013
0.5310059e+12	0.4345189	-0.9850634	0.2402065	-0.3620877
0.5371094e+12	0.4351427	-0.975385	0.2440495	-0.3602624
0.5432129e+12	0.446536	-0.987298	0.2460176	-0.3726524
0.5493164e+12	0.4604215	-0.9602448	0.2639686	-0.3772381
0.5554199e+12	0.4611196	-0.9436321	0.2706085	-0.3733662
0.5615234e+12	0.4650085	-0.9394002	0.2744816	-0.3753568
0.567627e+12	0.4730175	-0.9414139	0.2784397	-0.3823832
0.5737305e+12	0.4838323	-0.9254873	0.2909987	-0.3865404
0.579834e+12	0.4890681	-0.9171365	0.2974003	-0.3882534
0.5859375e+12	0.4963889	-0.9036439	0.3071414	-0.3899566
0.592041e+12	0.5036459	-0.9038528	0.311549	-0.3957226
0.5981445e+12	0.5113754	-0.8848634	0.3239027	-0.3957168
0.604248e+12	0.5195513	-0.880904	0.3306706	-0.4007375
0.6103516e+12	0.5249649	-0.8678308	0.3393809	-0.4005106
0.6164551e+12	0.5381626	-0.8604918	0.3509169	-0.4080152
0.6225586e+12	0.5429408	-0.8428158	0.361253	-0.4053159
0.6286621e+12	0.5500389	-0.8303394	0.3710701	-0.406017
0.6347656e+12	0.5549405	-0.8228538	0.3774327	-0.4068212
0.6408691e+12	0.5643177	-0.8119979	0.3882788	-0.4095046
0.6469727e+12	0.5723379	-0.8014584	0.3981525	-0.4111512
0.6530762e+12	0.5782161	-0.7895539	0.4071579	-0.4105561
0.6591797e+12	0.589963	-0.7828959	0.4182094	-0.4161216
0.6652832e+12	0.5958182	-0.7702858	0.4276256	-0.4148923
0.6713867e+12	0.6120903	-0.7571359	0.444871	-0.4204097
0.6774902e+12	0.6167701	-0.7388294	0.4559518	-0.4153472
0.6835937e+12	0.6271424	-0.7274365	0.468401	-0.4170229
0.6896973e+12	0.6371421	-0.714257	0.4814119	-0.4173639
0.6958008e+12	0.6471063	-0.6939905	0.4974305	-0.4138955
0.7019043e+12	0.6533499	-0.6799097	0.5080642	-0.410776
0.7080078e+12	0.6623533	-0.6683948	0.5198265	-0.4104782
0.7141113e+12	0.6753572	-0.6544251	0.535827	-0.4110921
0.7202148e+12	0.6859921	-0.6347585	0.5523711	-0.4067817
0.7263184e+12	0.69508	-0.6167796	0.5670084	-0.402042
0.7324219e+12	0.7075112	-0.6008875	0.5835794	-0.400009
0.7385254e+12	0.7170365	-0.5743113	0.602	-0.3895349
0.7446289e+12	0.7246743	-0.5547452	0.6159983	-0.3817053
0.7507324e+12	0.7294676	-0.5328302	0.6283435	-0.37055
0.7568359e+12	0.7380238	-0.5195978	0.6406186	-0.3664517
0.7629395e+12	0.748664	-0.4974246	0.6579367	-0.3572354
0.769043e+12	0.7566504	-0.4733536	0.6734526	-0.3449371
0.7751465e+12	0.7609685	-0.4520404	0.6845351	-0.3323925
0.78125e+12	0.7696201	-0.4328792	0.6986316	-0.322845
0.7873535e+12	0.7783588	-0.4090257	0.714151	-0.3095654
0.793457e+12	0.783705	-0.3794603	0.7279559	-0.2902994
0.7995605e+12	0.7839925	-0.3581278	0.7342519	-0.2748062
0.8056641e+12	0.7917114	-0.336571	0.7472906	-0.2614646
0.8117676e+12	0.7964897	-0.3081141	0.7589808	-0.2415451
0.8178712e+12	0.7969092	-0.27915	0.7660608	-0.2195793
0.8239747e+12	0.7949617	-0.2553799	0.769179	-0.2008177
0.8300782e+12	0.7969477	-0.2325091	0.7755029	-0.1836326
0.8361817e+12	0.798245	-0.2033632	0.7817954	-0.161217
0.8422852e+12	0.7935133	-0.171792	0.7818328	-0.1356497
0.8483887e+12	0.7831157	-0.1454213	0.7748499	-0.1134807
0.8544922e+12	0.7749995	-0.1265442	0.7688026	-0.09781019
0.8605958e+12	0.7654373	-0.09993958	0.7616179	-0.07637021
0.8666993e+12	0.7461054	-0.08692765	0.7432883	-0.06477554
0.8728028e+12	0.7346336	-0.08637142	0.7318951	-0.06337249
0.8789063e+12	0.729401	-0.0912528	0.7263662	-0.06646755
0.8850098e+12	0.73229	-0.08954716	0.729356	-0.06548689
0.8911133e+12	0.7344785	-0.09077477	0.7314545	-0.06658059
0.8972169e+12	0.7451307	-0.08669972	0.742332	-0.06452172
0.9033204e+12	0.7557342	-0.08184004	0.7532048	-0.0617803
0.9094239e+12	0.7769712	-0.06305289	0.7754272	-0.04895783
0.9155274e+12	0.7862828	-0.03438592	0.785818	-0.02703173
0.9216309e+12	0.7981113	-0.009304762	0.7980767	-0.007426129
0.9277344e+12	0.8074328	0.0277288	0.8071224	0.02238627
0.933838e+12	0.8090563	0.06811118	0.8071804	0.05506318
0.9399415e+12	0.802708	0.102216	0.7985182	0.0819068
0.946045e+12	0.8004607	0.1334491	0.7933437	0.106504
0.9521485e+12	0.7968773	0.1672785	0.7857541	0.1326797
0.958252e+12	0.7900853	0.2106361	0.7726229	0.1651926
0.9643555e+12	0.7735949	0.246023	0.7503009	0.188408
0.970459e+12	0.7598546	0.2819021	0.7298617	0.2113788
0.9765626e+12	0.7396805	0.3176082	0.7026855	0.2309987
0.9826661e+12	0.7127197	0.3511346	0.6692318	0.2451495
0.9887696e+12	0.6857001	0.3678878	0.6398192	0.2466088
0.9948731e+12	0.6605802	0.384991	0.612227	0.2480814
1.000977e+12	0.6364549	0.3897985	0.5887116	0.2418541
1.00708e+12	0.6171867	0.3914042	0.5705115	0.2354485
1.013184e+12	0.6016223	0.3968952	0.5548556	0.2325612
1.019287e+12	0.5821143	0.4004462	0.5360615	0.2269252
1.025391e+12	0.5627272	0.3972418	0.5189085	0.2177059
1.031494e+12	0.5492057	0.3824227	0.5095329	0.2049467
1.037598e+12	0.5388328	0.3797067	0.5004535	0.1997173
1.043701e+12	0.5237983	0.3654969	0.4891995	0.1872126
1.049805e+12	0.5178323	0.3464931	0.4870572	0.1758566
1.055908e+12	0.5154679	0.3375447	0.4863803	0.1707082
1.062012e+12	0.5072556	0.3308924	0.4797384	0.1648008
1.068115e+12	0.5052208	0.3145463	0.480433	0.1563078
1.074219e+12	0.5038549	0.3061264	0.4804298	0.1518454
1.080322e+12	0.5039916	0.3064578	0.4805097	0.1520459
1.086426e+12	0.4973882	0.3025701	0.4747937	0.148209
1.092529e+12	0.4944745	0.293411	0.4733421	0.1430115
1.098633e+12	0.493407	0.278785	0.4743568	0.1357796
1.104736e+12	0.4962407	0.2798589	0.4769342	0.1370716
1.11084e+12	0.4900302	0.2711008	0.4721327	0.1312263
1.116943e+12	0.4982122	0.2559713	0.4819793	0.1261399
1.123047e+12	0.5026903	0.2686324	0.4846612	0.1334206
1.12915e+12	0.4980371	0.2747431	0.4793582	0.1351173
1.135254e+12	0.4970163	0.2666762	0.4794479	0.130977
1.141357e+12	0.499468	0.2674372	0.4817125	0.1319897
1.147461e+12	0.5005656	0.2740042	0.481892	0.1354473
1.153564e+12	0.496253	0.2774968	0.4772685	0.1359481
1.159668e+12	0.4950434	0.2736266	0.4766264	0.1337731
1.165771e+12	0.4944745	0.2696479	0.4766066	0.1317241
1.171875e+12	0.4986511	0.2717565	0.480351	0.1338498
1.177979e+12	0.4949204	0.2801927	0.4756196	0.1368657
1.184082e+12	0.4945464	0.2706769	0.47654	0.1322337
1.190186e+12	0.4976018	0.2774065	0.4785779	0.1362743
1.196289e+12	0.4978951	0.2810769	0.4783564	0.1381114
1.202393e+12	0.4946015	0.2884197	0.4741718	0.1406833
1.208496e+12	0.4956812	0.2826729	0.4760093	0.1382571
1.2146e+12	0.4946272	0.293539	0.4734699	0.1431163
1.220703e+12	0.4935508	0.2916949	0.4727022	0.1419333
1.226807e+12	0.4915509	0.294566	0.470379	0.1427093
1.23291e+12	0.495084	0.2893198	0.4745074	0.1412476
1.239014e+12	0.4952344	0.3027518	0.472711	0.1476531
1.245117e+12	0.4946408	0.3047803	0.4718442	0.1484336
1.251221e+12	0.4930117	0.3061011	0.4700944	0.1485658
1.257324e+12	0.497267	0.3139985	0.4729538	0.1535879
1.263428e+12	0.4928194	0.319443	0.4678879	0.1547639
1.269531e+12	0.4947546	0.3225729	0.4692366	0.1568411
1.275635e+12	0.4937749	0.3302143	0.4670977	0.1601044
1.281738e+12	0.4932449	0.3326933	0.4661984	0.1610888
1.287842e+12	0.4940282	0.3429616	0.4652575	0.1661307
1.293945e+12	0.4896998	0.3470667	0.4605013	0.1665669
1.300049e+12	0.4898596	0.3472875	0.4606147	0.166723
1.306152e+12	0.4919721	0.349396	0.4622469	0.168417
1.312256e+12	0.4906701	0.3631046	0.4586778	0.1742753
1.318359e+12	0.4904752	0.3630851	0.4584989	0.1741971
1.324463e+12	0.4882191	0.3719211	0.45484	0.1774217
1.330566e+12	0.4907625	0.3768485	0.4563252	0.1805966
1.33667e+12	0.4857404	0.3866591	0.4498801	0.1831709
1.342773e+12	0.4840627	0.3899875	0.4477163	0.1840294
1.348877e+12	0.4821743	0.3879994	0.4463332	0.1824245
1.35498e+12	0.484589	0.396499	0.446994	0.1871441
1.361084e+12	0.482295	0.4029682	0.4436637	0.1891322
1.367187e+12	0.4795963	0.4118336	0.4394965	0.1919777
1.373291e+12	0.4792779	0.4119523	0.4391819	0.1919024
1.379395e+12	0.4764716	0.421923	0.4346865	0.1951225
1.385498e+12	0.4770514	0.4309228	0.4334397	0.1992689
1.391602e+12	0.471011	0.4377117	0.4266059	0.1996465
1.397705e+12	0.4680544	0.4497275	0.4215137	0.2034727
1.403809e+12	0.4609421	0.4458175	0.4158889	0.1987562
1.409912e+12	0.458235	0.4481127	0.4129918	0.1985373
1.416016e+12	0.458491	0.4423726	0.414356	0.1962731
1.422119e+12	0.4589917	0.4588941	0.4115058	0.2033135
1.428223e+12	0.4527877	0.4627889	0.4051593	0.202145
1.434326e+12	0.448915	0.4657548	0.4010979	0.2016065
1.44043e+12	0.4478327	0.4700893	0.3992553	0.2028529
1.446533e+12	0.4413391	0.4719356	0.3930963	0.2006377
1.452637e+12	0.4404578	0.4738035	0.3919367	0.2009695
1.45874e+12	0.4373826	0.4747059	0.38902	0.1999175
1.464844e+12	0.4326544	0.476032	0.384552	0.1982665
1.470947e+12	0.4353453	0.4697545	0.3881885	0.1970666
1.477051e+12	0.4320783	0.484691	0.3823111	0.2013204
1.483154e+12	0.429565	0.4800389	0.3810143	0.198379
1.489258e+12	0.4265921	0.4881361	0.3767698	0.2000634
1.495361e+12	0.4259224	0.4840429	0.3769928	0.1982079
1.501465e+12	0.4190208	0.4913591	0.3694475	0.1977043
1.507568e+12	0.4210466	0.4786552	0.3737273	0.1939281
1.513672e+12	0.4193883	0.4855912	0.3709066	0.1957416
1.519775e+12	0.4194767	0.4931474	0.3694949	0.1985805
1.525879e+12	0.4126041	0.4890516	0.3642382	0.1938368
1.531982e+12	0.4137532	0.4904287	0.3649846	0.1948795
1.538086e+12	0.4095311	0.4881137	0.3617056	0.192054
1.544189e+12	0.4103213	0.488447	0.3623394	0.1925454
1.550293e+12	0.4073296	0.4914101	0.3591297	0.1922065
1.556396e+12	0.4042848	0.4919603	0.3563401	0.1909658
1.5625e+12	0.4035721	0.4860747	0.3568277	0.1885323
1.568604e+12	0.4015234	0.4935182	0.3536103	0.1902125
1.574707e+12	0.3994175	0.4924143	0.3519643	0.1888265
1.580811e+12	0.3942724	0.4918962	0.347527	0.1862141
1.586914e+12	0.3953089	0.4845705	0.3497989	0.1841461
1.593018e+12	0.3932289	0.4926178	0.3464732	0.1859714
1.599121e+12	0.3895632	0.487756	0.344135	0.1825668
1.605225e+12	0.3903238	0.4870961	0.3449275	0.1826956
1.611328e+12	0.3867695	0.4936793	0.3405874	0.1832781
1.617432e+12	0.3843767	0.4850629	0.3400372	0.179221
1.623535e+12	0.3851077	0.4898246	0.339825	0.1811821
1.629639e+12	0.3802476	0.4924749	0.335061	0.1797841
1.635742e+12	0.3793779	0.4782918	0.336805	0.1746137
1.641846e+12	0.3838193	0.4891033	0.3388182	0.1803316
1.647949e+12	0.3770417	0.4970369	0.3314194	0.1797822
1.654053e+12	0.3753577	0.4906428	0.3310768	0.1768659
1.660156e+12	0.3731658	0.4907591	0.329123	0.1758714
1.66626e+12	0.3696021	0.4894918	0.3262004	0.1737785
1.672363e+12	0.3674744	0.4665082	0.3282076	0.1652791
1.678467e+12	0.3763789	0.4711927	0.335364	0.170857
1.68457e+12	0.3720028	0.4775088	0.3303915	0.1709606
1.690674e+12	0.3727737	0.4815996	0.3303726	0.1726678
1.696777e+12	0.3717027	0.4739555	0.3307299	0.1696486
1.702881e+12	0.3676766	0.4819186	0.3258009	0.1704108
1.708984e+12	0.3743193	0.4733255	0.3331656	0.1706329
1.715088e+12	0.3615673	0.4895232	0.3191038	0.1700108
1.721192e+12	0.3657885	0.4641743	0.327085	0.1637579
1.727295e+12	0.3625287	0.4568748	0.3253461	0.1599279
1.733399e+12	0.3731267	0.4595883	0.3344093	0.1655113
1.739502e+12	0.3637015	0.4732421	0.3237289	0.1657658
1.745606e+12	0.3675213	0.4695447	0.3277461	0.1662962
1.751709e+12	0.3578614	0.4606178	0.3205644	0.15907
1.757813e+12	0.3643996	0.4672082	0.3253466	0.1641239
1.763916e+12	0.3586026	0.4485658	0.323126	0.1555165
1.77002e+12	0.3632082	0.4631112	0.3249504	0.1622573
1.776123e+12	0.3576335	0.4608855	0.3203177	0.1590544
1.782227e+12	0.3565197	0.4525771	0.3206264	0.1559006
1.78833e+12	0.3569026	0.4543378	0.3206955	0.1566329
1.794434e+12	0.3554572	0.448087	0.3203655	0.153999
1.800537e+12	0.3558618	0.4509981	0.3202801	0.1551074
1.806641e+12	0.3573309	0.4458893	0.3223937	0.1541027
1.812744e+12	0.3534083	0.463672	0.3160941	0.1580567
1.818848e+12	0.3511811	0.4462779	0.3167863	0.1515736
1.824951e+12	0.3522362	0.443837	0.3181083	0.151253
1.831055e+12	0.3515014	0.458986	0.3151217	0.1557289
1.837158e+12	0.3475237	0.4335835	0.315366	0.1460036
1.843262e+12	0.3511396	0.4442649	0.3170534	0.1509178
1.849365e+12	0.3513049	0.4294209	0.3194088	0.1462638
1.855469e+12	0.3539306	0.4424194	0.3198536	0.1515273
1.861572e+12	0.3530868	0.4438289	0.3188777	0.1516156
1.867676e+12	0.348205	0.4507187	0.3134313	0.1516825
1.873779e+12	0.3488857	0.4311898	0.3169519	0.1458175
1.879883e+12	0.3504168	0.4350165	0.3177801	0.1476745
1.885986e+12	0.3475068	0.4338639	0.3153096	0.1460848
1.89209e+12	0.3539227	0.4136236	0.3240765	0.1422521
1.898193e+12	0.3532952	0.4451139	0.3188707	0.152115
1.904297e+12	0.349784	0.4274225	0.3183165	0.1449948
1.910401e+12	0.3509161	0.4327621	0.3185654	0.1471672
1.916504e+12	0.3476608	0.4237421	0.3169126	0.1429493
1.922608e+12	0.3539869	0.4123853	0.3243113	0.1418765
1.928711e+12	0.3550341	0.4368938	0.3216859	0.1502245
1.934815e+12	0.3493763	0.4293957	0.3176591	0.1454528
1.940918e+12	0.3501896	0.4338544	0.3177453	0.1472096
1.947022e+12	0.3457737	0.4352525	0.313535	0.1457918
1.953125e+12	0.3428845	0.4101136	0.3144509	0.1367127
1.959229e+12	0.3482759	0.4220675	0.3177126	0.1426703
1.965332e+12	0.3454869	0.3949506	0.3188898	0.1329304
1.971436e+12	0.3548574	0.4189627	0.3241662	0.1443606
1.977539e+12	0.3486993	0.4230636	0.3179564	0.1431606
1.983643e+12	0.3472522	0.4234961	0.3165752	0.1427034
1.989746e+12	0.3484226	0.418896	0.3182975	0.1417217
1.99585e+12	0.344134	0.4309516	0.3126694	0.143757
2.001953e+12	0.3433901	0.4152715	0.3142043	0.1385368
2.008057e+12	0.3416943	0.4151176	0.3126739	0.1378045
2.01416e+12	0.3433599	0.409447	0.3149782	0.1366923
2.020264e+12	0.3436845	0.4048598	0.3159002	0.1353739
2.026367e+12	0.3412513	0.4041308	0.3137616	0.1341867
2.032471e+12	0.3493023	0.3872884	0.3234318	0.1319242
2.038574e+12	0.3474349	0.4157355	0.3178402	0.1403161
2.044678e+12	0.345419	0.397302	0.3185138	0.1336536
2.050781e+12	0.3489098	0.406261	0.3205102	0.1378812
2.056885e+12	0.3451235	0.4073668	0.3168811	0.1367355
2.062988e+12	0.3443504	0.4010477	0.3170271	0.1344286
2.069092e+12	0.3434708	0.3958719	0.316907	0.1324467
2.075195e+12	0.3446409	0.3791132	0.320169	0.1275505
2.081299e+12	0.3514565	0.3835543	0.3259198	0.1315216
2.087402e+12	0.3509114	0.3924893	0.324228	0.1342199
2.093506e+12	0.3485751	0.3948353	0.3217557	0.1340815
2.099609e+12	0.348307	0.385032	0.3228061	0.1308202
2.105713e+12	0.3501239	0.3854659	0.324433	0.1316434
2.111816e+12	0.3514839	0.3845339	0.3258162	0.1318511
2.11792e+12	0.3507727	0.3937473	0.3239308	0.1345745
2.124023e+12	0.3468908	0.38322	0.3217292	0.1297055
2.130127e+12	0.3505947	0.3736618	0.3264026	0.1279765
2.13623e+12	0.3539969	0.3779554	0.3290122	0.1306323
2.142334e+12	0.3545189	0.3867815	0.3283299	0.133728
2.148437e+12	0.3487287	0.3862422	0.3230383	0.1313697
2.154541e+12	0.3564503	0.3729609	0.3319452	0.1298813
2.160645e+12	0.3501028	0.3973077	0.3228319	0.1354678
2.166748e+12	0.3499352	0.359658	0.3275454	0.1231611
2.172852e+12	0.356999	0.3695548	0.3328974	0.1289481
2.178955e+12	0.3592028	0.3735423	0.3344323	0.1310787
2.185059e+12	0.3571205	0.3763278	0.3321294	0.1312445
2.191162e+12	0.3628044	0.3843584	0.3363339	0.1360387
2.197266e+12	0.3505919	0.3768134	0.325995	0.1290035
2.203369e+12	0.3623025	0.3634853	0.3386308	0.1288108
2.209473e+12	0.365798	0.3677557	0.3413395	0.1315124
2.215576e+12	0.3631049	0.3947606	0.335178	0.1396455
2.22168e+12	0.3601084	0.3666637	0.3361715	0.1290999
2.227783e+12	0.3654156	0.3708599	0.3405732	0.1324328
2.233887e+12	0.368864	0.3770642	0.3429512	0.135813
2.23999e+12	0.3639308	0.3790348	0.3380998	0.1346631
2.246094e+12	0.3699892	0.3751469	0.3442579	0.1355674
2.252197e+12	0.3669408	0.3780131	0.3410347	0.1354285
2.258301e+12	0.3693083	0.392555	0.3412167	0.141279
2.264404e+12	0.3583731	0.3608441	0.3352935	0.1265287
2.270508e+12	0.3740584	0.3636255	0.3496	0.1330395
2.276611e+12	0.3704009	0.3701253	0.3453181	0.1339859
2.282715e+12	0.3733953	0.3670051	0.3485294	0.1339823
2.288818e+12	0.3739335	0.368113	0.3488829	0.134562
2.294922e+12	0.3779188	0.3648489	0.3530433	0.1348445
2.301025e+12	0.3799978	0.3746862	0.3536345	0.1390718
2.307129e+12	0.3826524	0.3757145	0.3559608	0.1404095
2.313232e+12	0.3832469	0.3869078	0.3549173	0.1446092
2.319336e+12	0.3857547	0.3986638	0.3555041	0.1497451
2.325439e+12	0.3783503	0.4002054	0.3484534	0.1474081
2.331543e+12	0.3843427	0.402653	0.3536048	0.1506087
2.337646e+12	0.3813481	0.4085648	0.3499601	0.1515068
2.34375e+12	0.3773494	0.4135404	0.3455403	0.1516393
2.349854e+12	0.3833292	0.3983009	0.3533227	0.1486753
2.355957e+12	0.3801603	0.4204888	0.3470443	0.155184
2.362061e+12	0.3817203	0.4084532	0.3503186	0.1516156
2.368164e+12	0.3805745	0.4107956	0.348912	0.1519782
2.374268e+12	0.3902533	0.4133053	0.3573933	0.1567407
2.380371e+12	0.3872353	0.436556	0.3509177	0.1637312
2.386475e+12	0.3795948	0.4538283	0.3411704	0.166418
2.392578e+12	0.3767926	0.408654	0.3457662	0.1497278
2.398682e+12	0.3821157	0.4405341	0.3456328	0.1629428
2.404785e+12	0.3842489	0.4218364	0.3505651	0.1573256
2.410889e+12	0.3795403	0.4500817	0.3417425	0.1651149
2.416992e+12	0.3762521	0.4291884	0.3421274	0.1565709
2.423096e+12	0.3785835	0.4074098	0.3475966	0.1500071
2.429199e+12	0.3932405	0.4322222	0.3570769	0.1647244
2.435303e+12	0.3801932	0.4413674	0.3437587	0.1624095
2.441406e+12	0.3848235	0.442739	0.3477194	0.1648645
2.44751e+12	0.3804326	0.4218924	0.3470746	0.1557825
2.453613e+12	0.3884916	0.4486424	0.3500452	0.1685054
2.459717e+12	0.3787487	0.4407963	0.342545	0.1615968
2.46582e+12	0.3764342	0.4194663	0.3437998	0.1533115
2.471924e+12	0.3951748	0.4139981	0.3617904	0.1589681
2.478027e+12	0.3905115	0.4481676	0.3519456	0.1692144
2.484131e+12	0.3920611	0.4474031	0.3534719	0.1696157
2.490234e+12	0.3841008	0.4579751	0.344519	0.1698236
2.496338e+12	0.3845719	0.4364313	0.3485244	0.1625616
2.502441e+12	0.393913	0.4448606	0.3555737	0.1695134
2.508545e+12	0.3851413	0.4642092	0.344384	0.1724338
2.514648e+12	0.3886304	0.4426953	0.3511665	0.1664801
2.520752e+12	0.3903792	0.4513323	0.3512893	0.1702697
2.526855e+12	0.3967428	0.4767613	0.3525003	0.1820669
2.532959e+12	0.3741052	0.4719393	0.3332111	0.1700736
2.539062e+12	0.3905044	0.4405115	0.3532243	0.1665119
2.545166e+12	0.3876748	0.4674422	0.3460865	0.1746879
2.55127e+12	0.3928913	0.4592329	0.3521849	0.1741532
2.557373e+12	0.387509	0.4878241	0.3423079	0.1816273
2.563477e+12	0.3827395	0.4686811	0.3414667	0.1728873
2.56958e+12	0.3852625	0.4657902	0.3442193	0.1730325
2.575684e+12	0.3905023	0.4778334	0.3467634	0.179575
2.581787e+12	0.3779722	0.4738985	0.3363181	0.1724909
2.587891e+12	0.3908518	0.4651304	0.3493289	0.1753124
2.593994e+12	0.3864699	0.4709376	0.3444	0.1753499
2.600098e+12	0.3879056	0.5081469	0.3388928	0.188739
2.606201e+12	0.3695287	0.4570433	0.3316007	0.1630718
2.612305e+12	0.3915703	0.4622961	0.3504674	0.1746421
2.618408e+12	0.3884951	0.4651684	0.347216	0.1742685
2.624512e+12	0.3934068	0.5040305	0.344484	0.1899992
2.630615e+12	0.3753145	0.498996	0.3295499	0.1796046
2.636719e+12	0.3723227	0.5039317	0.3260396	0.1797843
2.642822e+12	0.3522521	0.4130987	0.3226211	0.1414114
2.648926e+12	0.3906484	0.3976195	0.3601721	0.1512687
2.655029e+12	0.3986427	0.467786	0.3558161	0.1797525
2.661133e+12	0.3890328	0.4458843	0.3509969	0.1677727
2.667236e+12	0.3896341	0.479462	0.3457002	0.179739
2.67334e+12	0.3888929	0.4482354	0.3504755	0.1685368
2.679443e+12	0.3899429	0.4815018	0.3456066	0.1805868
2.685547e+12	0.386628	0.4703549	0.3446431	0.1752208
2.69165e+12	0.3768921	0.480947	0.3341364	0.1743574
2.697754e+12	0.3807586	0.4459812	0.3435158	0.1642377
2.703857e+12	0.3797596	0.4525498	0.3415312	0.1660537
2.709961e+12	0.390115	0.4517823	0.3509749	0.1703124
2.716064e+12	0.3826253	0.4522986	0.3441503	0.1672203
2.722168e+12	0.3972989	0.4745557	0.3533957	0.1815431
2.728271e+12	0.3751068	0.494378	0.330193	0.1779822
2.734375e+12	0.3821325	0.4539819	0.3434255	0.1675833
2.740479e+12	0.3838414	0.4928877	0.3381528	0.1816229
2.746582e+12	0.3714621	0.4641049	0.3321698	0.1662748
2.752686e+12	0.3879205	0.4722182	0.345467	0.1764506
2.758789e+12	0.3726792	0.4713992	0.3320324	0.169246
2.764893e+12	0.4100852	0.480297	0.3636873	0.1894768
2.770996e+12	0.3618396	0.6122026	0.2961238	0.2079389
2.7771e+12	0.3687632	0.3496355	0.3464521	0.1263218
2.783203e+12	0.3964839	0.5021327	0.3475412	0.1908261
2.789307e+12	0.3869481	0.4625329	0.3462896	0.1726626
2.79541e+12	0.3950387	0.5237196	0.3420897	0.1975607
2.801514e+12	0.3914091	0.5043525	0.3426738	0.1891448
2.807617e+12	0.3926007	0.5591536	0.3328094	0.2082625
2.813721e+12	0.3780212	0.5483053	0.3226067	0.1970404
2.819824e+12	0.3642203	0.5596251	0.30866	0.1933531
2.825928e+12	0.3691663	0.457376	0.3312213	0.1630221
2.832031e+12	0.3928476	0.5182261	0.3412664	0.1945931
2.838135e+12	0.3927729	0.510329	0.3427273	0.1918555
2.844238e+12	0.3811451	0.5851494	0.3177338	0.2105156
2.850342e+12	0.3678183	0.5085748	0.321267	0.1791029
2.856445e+12	0.3701358	0.5048917	0.3239528	0.1790393
2.862549e+12	0.3924554	0.4708571	0.3497483	0.1780375
2.868652e+12	0.3873064	0.5335254	0.3334784	0.1969732
2.874756e+12	0.3859988	0.4865665	0.3412012	0.1804906
2.880859e+12	0.3943021	0.513444	0.3434601	0.1936734
2.886963e+12	0.3952417	0.5255663	0.3418998	0.1982939
2.893066e+12	0.3732217	0.4997044	0.3275857	0.1788352
2.89917e+12	0.4147373	0.4752097	0.3687831	0.1897527
2.905273e+12	0.4005679	0.5198504	0.3476503	0.1989823
2.911377e+12	0.4272414	0.5588712	0.3622385	0.226536
2.91748e+12	0.3785324	0.5886064	0.3148311	0.2101621
2.923584e+12	0.3955809	0.5449578	0.3382806	0.205062
2.929687e+12	0.368289	0.5713742	0.3097895	0.1991664
2.935791e+12	0.3724357	0.4448979	0.3361808	0.1602836
2.941895e+12	0.4157483	0.454948	0.37346	0.1826863
2.947998e+12	0.4220022	0.5121177	0.367863	0.2067914
2.954102e+12	0.4227416	0.4927157	0.3724571	0.1999653
