#param comment,Experimental 180x200
#x-column freq
#column |t|
#column phase(t)
#column real t
#column imag t
0.06103516e+12	0.3835203	-0.7145596	0.2897043	-0.251315
0.06713867e+12	0.3220595	0.1963518	0.3158711	0.06283142
0.07324219e+12	0.2837469	-1.526984	0.01242774	-0.2834746
0.0793457e+12	0.2039483	-0.6080554	0.1673927	-0.11651
0.08544922e+12	0.3009914	-1.435065	0.04072873	-0.298223
0.09155273e+12	0.2167791	-0.7977255	0.1513847	-0.1551639
0.09765625e+12	0.2754214	-0.6857937	0.2131532	-0.1744209
0.1037598e+12	0.1659631	-1.189198	0.06180543	-0.1540254
0.1098633e+12	0.1453906	-0.2510574	0.1408326	-0.03611914
0.1159668e+12	0.1631252	-1.60766	-0.006012043	-0.1630144
0.1220703e+12	0.1253073	-0.8465269	0.08302715	-0.09385311
0.1281738e+12	0.1381336	-1.382214	0.02589544	-0.1356847
0.1342773e+12	0.1467925	-1.243078	0.04725016	-0.1389801
0.1403809e+12	0.1786085	-1.163195	0.0708018	-0.1639759
0.1464844e+12	0.1719058	-1.188905	0.06406517	-0.159522
0.1525879e+12	0.2837754	-0.272193	0.2733278	-0.07629139
0.1586914e+12	0.1351314	-0.8773492	0.08637488	-0.1039224
0.1647949e+12	0.1091717	-0.7547391	0.07952619	-0.07479341
0.1708984e+12	0.1313233	-1.080953	0.06178598	-0.1158805
0.177002e+12	0.1145019	-1.156552	0.04608687	-0.1048174
0.1831055e+12	0.1422459	-1.310208	0.03664956	-0.1374435
0.189209e+12	0.1628178	-1.384415	0.03017087	-0.1599979
0.1953125e+12	0.1882481	-1.362014	0.03901794	-0.1841602
0.201416e+12	0.2259732	-1.29002	0.06261747	-0.2171242
0.2075195e+12	0.2061055	-1.16224	0.08188263	-0.1891421
0.2136231e+12	0.183386	-1.176498	0.07044969	-0.1693141
0.2197266e+12	0.205408	-1.303186	0.05431559	-0.1980966
0.2258301e+12	0.2278459	-1.179376	0.08692358	-0.2106135
0.2319336e+12	0.2150938	-1.250837	0.06765296	-0.2041774
0.2380371e+12	0.2117857	-1.228382	0.07110954	-0.1994909
0.2441406e+12	0.227646	-1.25184	0.07138416	-0.2161643
0.2502441e+12	0.2283474	-1.238214	0.07455201	-0.2158345
0.2563477e+12	0.2351411	-1.215791	0.08173393	-0.2204788
0.2624512e+12	0.2391116	-1.289421	0.06639583	-0.2297084
0.2685547e+12	0.2561246	-1.201251	0.09251003	-0.238834
0.2746582e+12	0.2479089	-1.20025	0.08977406	-0.2310832
0.2807617e+12	0.2507731	-1.19068	0.09304398	-0.2328732
0.2868652e+12	0.2595378	-1.191668	0.09605778	-0.2411074
0.2929687e+12	0.2582522	-1.224576	0.08763648	-0.2429281
0.2990723e+12	0.2784815	-1.193252	0.102659	-0.2588689
0.3051758e+12	0.277066	-1.161304	0.110312	-0.2541591
0.3112793e+12	0.2715524	-1.15726	0.1091233	-0.248662
0.3173828e+12	0.2850158	-1.188763	0.1062561	-0.2644686
0.3234863e+12	0.2904756	-1.156438	0.1169462	-0.2658941
0.3295898e+12	0.3019108	-1.156333	0.121579	-0.2763488
0.3356934e+12	0.2941417	-1.147517	0.1208196	-0.2681827
0.3417969e+12	0.3250214	-1.132802	0.1378493	-0.2943408
0.3479004e+12	0.3034133	-1.14013	0.1266678	-0.275708
0.3540039e+12	0.3286711	-1.150285	0.1341725	-0.3000374
0.3601074e+12	0.3433961	-1.123248	0.1486068	-0.3095754
0.3662109e+12	0.3330269	-1.053576	0.1646705	-0.289466
0.3723145e+12	0.3327133	-1.125586	0.1432822	-0.3002804
0.378418e+12	0.3506166	-1.109785	0.1559731	-0.3140134
0.3845215e+12	0.3578919	-1.097461	0.1631477	-0.3185427
0.390625e+12	0.3653072	-1.081192	0.1717954	-0.3223906
0.3967285e+12	0.3618224	-1.06088	0.1766071	-0.3157932
0.402832e+12	0.3688726	-1.103044	0.1663176	-0.3292499
0.4089356e+12	0.3855792	-1.084882	0.180072	-0.3409478
0.4150391e+12	0.3912712	-1.062247	0.1905142	-0.3417564
0.4211426e+12	0.3953461	-1.065997	0.1912018	-0.3460353
0.4272461e+12	0.4028266	-1.044502	0.2023531	-0.3483138
0.4333496e+12	0.4054638	-1.049104	0.2020622	-0.3515278
0.4394532e+12	0.4158415	-1.049551	0.2070725	-0.3606177
0.4455567e+12	0.4281537	-1.032006	0.2196848	-0.3674972
0.4516602e+12	0.4306401	-1.019287	0.2256441	-0.366791
0.4577637e+12	0.4391355	-1.004148	0.235731	-0.3705008
0.4638672e+12	0.4396556	-1.004648	0.2358248	-0.3710575
0.4699707e+12	0.4511126	-0.9890869	0.2478652	-0.3769157
0.4760742e+12	0.4573181	-0.9975579	0.248029	-0.3842153
0.4821778e+12	0.4654922	-0.9661763	0.2646088	-0.3829689
0.4882813e+12	0.468408	-0.977591	0.2618502	-0.388382
0.4943848e+12	0.4851376	-0.9676242	0.275198	-0.3995304
0.5004883e+12	0.4942561	-0.9436402	0.2900515	-0.4001991
0.5065918e+12	0.4981706	-0.9325707	0.2967958	-0.4001078
0.5126953e+12	0.5065048	-0.9236663	0.3053713	-0.4040983
0.5187988e+12	0.5167291	-0.9139789	0.3155146	-0.4092182
0.5249023e+12	0.5230981	-0.8944343	0.3274385	-0.4079407
0.5310059e+12	0.5313538	-0.8865378	0.335868	-0.4117397
0.5371094e+12	0.5330569	-0.8754562	0.3415011	-0.4093001
0.5432129e+12	0.552829	-0.8775847	0.3532637	-0.4252348
0.5493164e+12	0.5596128	-0.8445532	0.3716195	-0.4184082
0.5554199e+12	0.5631675	-0.8343334	0.3782637	-0.4172221
0.5615234e+12	0.5688202	-0.8269703	0.3851529	-0.4185853
0.567627e+12	0.5785637	-0.823009	0.3934338	-0.4242002
0.5737305e+12	0.5922992	-0.8083267	0.4091066	-0.4283108
0.579834e+12	0.5992357	-0.7911666	0.4212723	-0.4261608
0.5859375e+12	0.6061707	-0.7764466	0.432447	-0.4247734
0.592041e+12	0.6119403	-0.7766841	0.4364613	-0.4289201
0.5981445e+12	0.6279044	-0.7556081	0.4570231	-0.4305737
0.604248e+12	0.6336737	-0.7506087	0.463389	-0.4322187
0.6103516e+12	0.6503985	-0.725225	0.4867259	-0.4314118
0.6164551e+12	0.6510919	-0.7183397	0.4902068	-0.4285067
0.6225586e+12	0.6667656	-0.6974416	0.5110677	-0.4282361
0.6286621e+12	0.6687787	-0.6830125	0.5187549	-0.4220881
0.6347656e+12	0.6804892	-0.67714	0.5303515	-0.4263718
0.6408691e+12	0.6938207	-0.6567523	0.5494916	-0.4236108
0.6469727e+12	0.6998779	-0.6401668	0.5612993	-0.4180575
0.6530762e+12	0.7093185	-0.6284335	0.5738028	-0.4169929
0.6591797e+12	0.7228011	-0.6143945	0.5906171	-0.4166687
0.6652832e+12	0.7338927	-0.5927296	0.6087045	-0.4099723
0.6713867e+12	0.742729	-0.5746839	0.6234201	-0.4037248
0.6774902e+12	0.7513877	-0.5574937	0.6376154	-0.3975299
0.6835937e+12	0.7613251	-0.54317	0.6517511	-0.3934927
0.6896973e+12	0.778179	-0.5254767	0.6731909	-0.3903544
0.6958008e+12	0.7869354	-0.4960086	0.6921011	-0.3745175
0.7019043e+12	0.7924958	-0.4797957	0.7030145	-0.3658144
0.7080078e+12	0.804267	-0.4615908	0.7200965	-0.3581988
0.7141113e+12	0.8173567	-0.4427536	0.7385434	-0.3501794
0.7202148e+12	0.8296081	-0.413708	0.7596194	-0.3335085
0.7263184e+12	0.8352081	-0.3915796	0.771989	-0.3187563
0.7324219e+12	0.8477427	-0.368315	0.7908891	-0.3052246
0.7385254e+12	0.8551328	-0.3414514	0.8057656	-0.2863455
0.7446289e+12	0.8637262	-0.3147073	0.821306	-0.2673562
0.7507324e+12	0.8668777	-0.2885776	0.831032	-0.2467038
0.7568359e+12	0.8746779	-0.2691422	0.8431889	-0.2325809
0.7629395e+12	0.8865862	-0.2434173	0.8604496	-0.2136855
0.769043e+12	0.8974656	-0.211519	0.8774639	-0.1884187
0.7751465e+12	0.9019956	-0.1777873	0.8877778	-0.1595199
0.78125e+12	0.9076985	-0.148896	0.8976552	-0.1346538
0.7873535e+12	0.9153973	-0.1113513	0.9097282	-0.1017201
0.793457e+12	0.9154143	-0.07207751	0.9130374	-0.06592367
0.7995605e+12	0.9119574	-0.03345919	0.911447	-0.03050766
0.8056641e+12	0.9088984	0.002199888	0.9088962	0.001999473
0.8117676e+12	0.8999255	0.0485146	0.8988666	0.04364241
0.8178712e+12	0.8851272	0.08185101	0.8821639	0.07236768
0.8239747e+12	0.8720403	0.1244709	0.8652938	0.1082636
0.8300782e+12	0.8477048	0.1573441	0.837233	0.1328317
0.8361817e+12	0.8283432	0.1969178	0.8123349	0.1620634
0.8422852e+12	0.790544	0.2295812	0.7698016	0.1799039
0.8483887e+12	0.7528297	0.2446244	0.7304167	0.1823293
0.8544922e+12	0.7186688	0.2451585	0.6971798	0.1744282
0.8605958e+12	0.6870957	0.239013	0.667563	0.1626656
0.8666993e+12	0.6562012	0.2099943	0.6417859	0.136788
0.8728028e+12	0.6444776	0.1568666	0.6365645	0.1006829
0.8789063e+12	0.6525222	0.1100588	0.6485742	0.0716709
0.8850098e+12	0.6801719	0.0736928	0.6783259	0.05007842
0.8911133e+12	0.7176207	0.06680775	0.7160199	0.04790697
0.8972169e+12	0.7617842	0.08932686	0.758747	0.06795733
0.9033204e+12	0.7915316	0.1399176	0.7837963	0.1103882
0.9094239e+12	0.8048779	0.2021286	0.7884917	0.1615833
0.9155274e+12	0.7954688	0.255729	0.7695995	0.2012145
0.9216309e+12	0.7853046	0.296552	0.7510259	0.2294852
0.9277344e+12	0.7723692	0.3348764	0.7294648	0.253841
0.933838e+12	0.7557003	0.3760388	0.702897	0.2775226
0.9399415e+12	0.7305251	0.4027632	0.6720695	0.286338
0.946045e+12	0.7132102	0.4244655	0.6499192	0.293724
0.9521485e+12	0.6934909	0.4437335	0.6263299	0.2977256
0.958252e+12	0.6755508	0.4661801	0.6034639	0.3036448
0.9643555e+12	0.6527144	0.4800208	0.5789481	0.301422
0.970459e+12	0.631812	0.4889143	0.557791	0.2967417
0.9765626e+12	0.6172765	0.4873512	0.5454109	0.2890626
0.9826661e+12	0.6015984	0.5004647	0.5278181	0.288667
0.9887696e+12	0.5861435	0.4962652	0.5154352	0.2790891
0.9948731e+12	0.5751199	0.5009773	0.5044454	0.2762203
1.000977e+12	0.5632228	0.5068753	0.4924063	0.2734153
1.00708e+12	0.5464579	0.5070751	0.4776964	0.2653723
1.013184e+12	0.5326321	0.5025566	0.4667743	0.2565517
1.019287e+12	0.5231946	0.485843	0.4626513	0.2443078
1.025391e+12	0.5172158	0.48364	0.4578954	0.2405078
1.031494e+12	0.5128203	0.4787439	0.4551661	0.2362382
1.037598e+12	0.50097	0.4821609	0.4438569	0.2322972
1.043701e+12	0.496926	0.4629253	0.4446245	0.2219109
1.049805e+12	0.4901615	0.4666465	0.4377544	0.2205207
1.055908e+12	0.4868522	0.4585722	0.4365533	0.215514
1.062012e+12	0.477933	0.4526475	0.4298016	0.209023
1.068115e+12	0.4773275	0.4444545	0.4309529	0.2052343
1.074219e+12	0.473305	0.4371328	0.4287997	0.2003706
1.080322e+12	0.4695365	0.4393349	0.4249469	0.1997115
1.086426e+12	0.4657044	0.4256862	0.4241429	0.1923107
1.092529e+12	0.4630603	0.4306529	0.4207798	0.1933111
1.098633e+12	0.456979	0.4101327	0.4190808	0.1822117
1.104736e+12	0.4620671	0.4087895	0.423994	0.1836711
1.11084e+12	0.4540337	0.4112886	0.4161702	0.1815185
1.116943e+12	0.4561838	0.3813251	0.4234172	0.1697691
1.123047e+12	0.4656422	0.3984264	0.4291697	0.1806545
1.12915e+12	0.456801	0.4087022	0.4191777	0.1815413
1.135254e+12	0.4519891	0.3958414	0.4170378	0.1742801
1.141357e+12	0.4558753	0.3890908	0.4218006	0.1729351
1.147461e+12	0.4544692	0.3989706	0.4187759	0.1765477
1.153564e+12	0.4501843	0.3954766	0.4154359	0.1734326
1.159668e+12	0.4457426	0.3921636	0.4119037	0.1703577
1.165771e+12	0.4486718	0.3651889	0.4190848	0.1602323
1.171875e+12	0.4576819	0.3884833	0.4235775	0.1733631
1.177979e+12	0.4470268	0.387801	0.4138318	0.1690448
1.184082e+12	0.450618	0.3813732	0.4182431	0.1677179
1.190186e+12	0.451717	0.378433	0.4197557	0.1668936
1.196289e+12	0.4532121	0.3905656	0.4190824	0.172543
1.202393e+12	0.4507945	0.3956101	0.4159758	0.1737232
1.208496e+12	0.4437272	0.3924727	0.4099889	0.1697143
1.2146e+12	0.4507092	0.3828003	0.4180879	0.1683487
1.220703e+12	0.4498644	0.4000333	0.4143467	0.1751993
1.226807e+12	0.4448411	0.398649	0.4099595	0.1726756
1.23291e+12	0.4478376	0.3934253	0.4136234	0.1716805
1.239014e+12	0.4459342	0.4077342	0.4093772	0.1768264
1.245117e+12	0.4457816	0.4021366	0.4102201	0.1744724
1.251221e+12	0.443176	0.4160445	0.4053707	0.1791076
1.257324e+12	0.4420579	0.407286	0.4058972	0.1751074
1.263428e+12	0.4425126	0.420521	0.4039593	0.1806497
1.269531e+12	0.4363341	0.42468	0.3975748	0.1797824
1.275635e+12	0.434217	0.4131877	0.3976757	0.1743515
1.281738e+12	0.438281	0.417188	0.4006905	0.1775876
1.287842e+12	0.436817	0.4253982	0.3978854	0.1802672
1.293945e+12	0.4347424	0.4307063	0.3950378	0.1815105
1.300049e+12	0.4325094	0.4342449	0.3923674	0.1819678
1.306152e+12	0.4299541	0.4345649	0.3899913	0.1810174
1.312256e+12	0.4312438	0.4366687	0.3907783	0.182383
1.318359e+12	0.4297946	0.4496873	0.3870658	0.1868248
1.324463e+12	0.4225405	0.4533094	0.3798651	0.1850487
1.330566e+12	0.421808	0.4456909	0.3806029	0.1818336
1.33667e+12	0.4239823	0.4530432	0.3812106	0.1855786
1.342773e+12	0.4173165	0.4695387	0.3721533	0.1888253
1.348877e+12	0.4113707	0.4547885	0.3695565	0.1807038
1.35498e+12	0.4134095	0.4606984	0.3703083	0.183791
1.361084e+12	0.4089898	0.4562038	0.367163	0.1801777
1.367187e+12	0.410945	0.4624141	0.3677868	0.1833267
1.373291e+12	0.4065395	0.4663318	0.3631307	0.1827854
1.379395e+12	0.4061329	0.4652932	0.362957	0.1822257
1.385498e+12	0.4035836	0.4833224	0.3573554	0.1875548
1.391602e+12	0.3958675	0.4725879	0.3524778	0.1801957
1.397705e+12	0.3955838	0.4844372	0.3500668	0.1842275
1.403809e+12	0.3881246	0.4742818	0.3452838	0.1772564
1.409912e+12	0.3838029	0.4749129	0.3413284	0.1754981
1.416016e+12	0.382551	0.4496563	0.3445241	0.1662781
1.422119e+12	0.3876623	0.4588535	0.3475628	0.1717036
1.428223e+12	0.3845709	0.4582976	0.3448859	0.1701426
1.434326e+12	0.3795176	0.4682363	0.3386685	0.1712813
1.44043e+12	0.3781022	0.443168	0.3415766	0.1621315
1.446533e+12	0.3794928	0.4507168	0.3415948	0.1653112
1.452637e+12	0.3822788	0.4501715	0.3441933	0.1663371
1.45874e+12	0.372709	0.4626081	0.3335342	0.1663339
1.464844e+12	0.3714597	0.436507	0.3366294	0.1570444
1.470947e+12	0.373233	0.4355705	0.3383841	0.1574773
1.477051e+12	0.3741648	0.431064	0.3399369	0.1563402
1.483154e+12	0.3748645	0.4328583	0.340291	0.1572434
1.489258e+12	0.3737253	0.4404538	0.3380563	0.1593378
1.495361e+12	0.3669812	0.4294847	0.3336521	0.1528118
1.501465e+12	0.3733193	0.4206012	0.3407822	0.1524298
1.507568e+12	0.3727031	0.4309829	0.3386215	0.155702
1.513672e+12	0.3693188	0.4392856	0.3342541	0.1570687
1.519775e+12	0.3648195	0.4302306	0.3315733	0.1521591
1.525879e+12	0.3626722	0.4307041	0.3295501	0.1514196
1.531982e+12	0.360026	0.4193842	0.3288261	0.1466019
1.538086e+12	0.3575466	0.4134195	0.3274241	0.1436419
1.544189e+12	0.3611759	0.3888305	0.3342152	0.1369241
1.550293e+12	0.3685469	0.4149006	0.3372781	0.1485609
1.556396e+12	0.3587564	0.4117568	0.3287712	0.1435815
1.5625e+12	0.3621732	0.4233916	0.3301936	0.1488007
1.568604e+12	0.3533698	0.401913	0.3252113	0.1382311
1.574707e+12	0.3568768	0.4209239	0.3257257	0.1458213
1.580811e+12	0.3516594	0.3932359	0.3248186	0.1347486
1.586914e+12	0.3538063	0.4073088	0.3248615	0.1401567
1.593018e+12	0.3550835	0.3966465	0.3275154	0.1371785
1.599121e+12	0.3476989	0.4110465	0.3187367	0.1389297
1.605225e+12	0.3483562	0.3776639	0.323807	0.1284564
1.611328e+12	0.3520387	0.3848622	0.3262872	0.1321664
1.617432e+12	0.3570127	0.374451	0.3322747	0.1305815
1.623535e+12	0.3568711	0.3986018	0.328894	0.1385124
1.629639e+12	0.3560401	0.3986724	0.3281184	0.1382131
1.635742e+12	0.3510749	0.3988326	0.3235207	0.1363374
1.641846e+12	0.3532179	0.3983972	0.3255553	0.1370279
1.647949e+12	0.3548565	0.3981061	0.3271056	0.1375684
1.654053e+12	0.346756	0.431999	0.3148997	0.1451822
1.660156e+12	0.3354772	0.3825836	0.3112233	0.1252398
1.66626e+12	0.3406897	0.3838944	0.315892	0.1276
1.672363e+12	0.3359394	0.3366774	0.3170789	0.1109785
1.678467e+12	0.3552236	0.3454488	0.3342383	0.1202855
1.68457e+12	0.3481517	0.3496125	0.3270904	0.1192537
1.690674e+12	0.3542057	0.3566182	0.3319201	0.1236558
1.696777e+12	0.355749	0.3339581	0.3360947	0.1166092
1.702881e+12	0.3587679	0.3847702	0.3325365	0.1346622
1.708984e+12	0.3486061	0.3503132	0.3274336	0.1196388
1.715088e+12	0.3471615	0.3718052	0.323441	0.126123
1.721192e+12	0.3450079	0.3166575	0.3278546	0.1074327
1.727295e+12	0.358705	0.3302507	0.339321	0.1163209
1.733399e+12	0.354362	0.3405955	0.334006	0.1183741
1.739502e+12	0.3597008	0.3376468	0.339391	0.1191573
1.745606e+12	0.3534298	0.3576797	0.3310618	0.1237364
1.751709e+12	0.356911	0.3355067	0.3370109	0.1175121
1.757813e+12	0.3537301	0.3632181	0.3306521	0.1256747
1.763916e+12	0.3515255	0.3503251	0.3301742	0.1206447
1.77002e+12	0.3499098	0.3499074	0.3287068	0.1199529
1.776123e+12	0.3475764	0.3508682	0.3264002	0.1194666
1.782227e+12	0.3504127	0.3350854	0.3309236	0.1152332
1.78833e+12	0.3479037	0.3498511	0.326829	0.1192468
1.794434e+12	0.3487494	0.3290609	0.3300377	0.1126999
1.800537e+12	0.3500293	0.3370021	0.3303402	0.1157404
1.806641e+12	0.3578736	0.3284877	0.3387386	0.1154543
1.812744e+12	0.3497764	0.3640564	0.3268521	0.1245441
1.818848e+12	0.3481787	0.3320611	0.3291586	0.1135036
1.824951e+12	0.3497882	0.3229578	0.3317045	0.1110133
1.831055e+12	0.357052	0.3329885	0.3374391	0.1167092
1.837158e+12	0.3557019	0.3329263	0.3361703	0.116247
1.843262e+12	0.3514734	0.337106	0.331691	0.1162524
1.849365e+12	0.3584822	0.3133607	0.3410252	0.1105048
1.855469e+12	0.3601859	0.3344436	0.3402291	0.1182287
1.861572e+12	0.3590185	0.333279	0.3392634	0.1174505
1.867676e+12	0.3535606	0.3219197	0.3353981	0.1118624
1.873779e+12	0.3690355	0.3105281	0.3513854	0.112763
1.879883e+12	0.3657272	0.3460467	0.3440473	0.1240479
1.885986e+12	0.3575232	0.3479512	0.336098	0.1219056
1.89209e+12	0.3567526	0.3170598	0.3389707	0.1112263
1.898193e+12	0.3608645	0.3294468	0.3414578	0.1167468
1.904297e+12	0.3590724	0.3271689	0.3400258	0.1153928
1.910401e+12	0.3548675	0.3209662	0.3367448	0.1119549
1.916504e+12	0.3574401	0.3029521	0.3411623	0.1066384
1.922608e+12	0.3651142	0.2964671	0.3491859	0.1066656
1.928711e+12	0.3691892	0.3263	0.3497089	0.1183401
1.934815e+12	0.3596496	0.3194463	0.3414547	0.1129447
1.940918e+12	0.3662151	0.3238786	0.3471749	0.1165464
1.947022e+12	0.3620784	0.324993	0.3431247	0.1156124
1.953125e+12	0.3589697	0.3367932	0.3388025	0.1186259
1.959229e+12	0.3523699	0.3086355	0.33572	0.1070355
1.965332e+12	0.3640779	0.2813847	0.3497594	0.1010994
1.971436e+12	0.376439	0.3180883	0.357555	0.1177318
1.977539e+12	0.3649101	0.3355497	0.3445588	0.1201606
1.983643e+12	0.3640373	0.3171156	0.3458859	0.1135168
1.989746e+12	0.3695954	0.3081935	0.3521812	0.1121122
1.99585e+12	0.3755964	0.3333232	0.3549237	0.1228896
2.001953e+12	0.3669054	0.3277533	0.3473743	0.118113
2.008057e+12	0.3721504	0.337477	0.3511585	0.1232218
2.01416e+12	0.3654233	0.3106883	0.347928	0.111715
2.020264e+12	0.3752096	0.3166087	0.3565605	0.1168199
2.026367e+12	0.3800609	0.3099826	0.3619468	0.1159346
2.032471e+12	0.3780795	0.3345225	0.3571215	0.1241304
2.038574e+12	0.3806829	0.3145002	0.3620108	0.1177609
2.044678e+12	0.3819021	0.3274825	0.361606	0.1228428
2.050781e+12	0.385832	0.3205681	0.3661764	0.1215779
2.056885e+12	0.3853842	0.3362556	0.3638014	0.1271593
2.062988e+12	0.3872282	0.3339143	0.3658403	0.1269116
2.069092e+12	0.3863644	0.3409889	0.3641193	0.1292077
2.075195e+12	0.3820092	0.3611641	0.3573643	0.1349881
2.081299e+12	0.3757219	0.3197482	0.3566783	0.1180998
2.087402e+12	0.3857987	0.3379453	0.3639771	0.1279113
2.093506e+12	0.3783382	0.3303283	0.3578837	0.1227154
2.099609e+12	0.3852249	0.3180726	0.365902	0.1204739
2.105713e+12	0.3885094	0.3331483	0.3671482	0.1270503
2.111816e+12	0.3886715	0.3342304	0.3671636	0.1275007
2.11792e+12	0.3891428	0.3476393	0.3658641	0.1325729
2.124023e+12	0.3900566	0.3468149	0.3668327	0.1325818
2.130127e+12	0.3842461	0.3603055	0.3595733	0.1354699
2.13623e+12	0.3936383	0.3566084	0.368873	0.1374183
2.142334e+12	0.3771136	0.3811564	0.3500501	0.140284
2.148437e+12	0.3848215	0.3423284	0.3624925	0.1291774
2.154541e+12	0.3924644	0.3579209	0.3675928	0.1374911
2.160645e+12	0.3863976	0.3946822	0.3566909	0.1485756
2.166748e+12	0.3790963	0.3429565	0.3570195	0.1274798
2.172852e+12	0.3971273	0.3598237	0.3716948	0.1398322
2.178955e+12	0.4005616	0.3758292	0.3726039	0.1470237
2.185059e+12	0.3946283	0.4111362	0.3617429	0.1577136
2.191162e+12	0.3938341	0.3996444	0.3627998	0.1532372
2.197266e+12	0.3750242	0.4094899	0.3440188	0.1493127
2.203369e+12	0.3954779	0.3650758	0.3694146	0.1411936
2.209473e+12	0.3959477	0.3932862	0.3657189	0.1517374
2.215576e+12	0.395689	0.4300318	0.3596625	0.1649626
2.22168e+12	0.377227	0.3805342	0.3502426	0.1401083
2.227783e+12	0.3948041	0.3934939	0.3646313	0.1513749
2.233887e+12	0.3874424	0.3750091	0.3605168	0.1419128
2.23999e+12	0.404172	0.3918879	0.3735316	0.154367
2.246094e+12	0.3926896	0.405757	0.3608047	0.1550002
2.252197e+12	0.3968449	0.402602	0.365115	0.1554892
2.258301e+12	0.3910345	0.4203093	0.3569999	0.1595588
2.264404e+12	0.380855	0.38854	0.3524673	0.1442822
2.270508e+12	0.3968881	0.3940103	0.3664773	0.1523632
2.276611e+12	0.3833788	0.3936663	0.3540538	0.1470552
2.282715e+12	0.3976451	0.3780167	0.3695707	0.146762
2.288818e+12	0.3946308	0.393229	0.3645113	0.1512119
2.294922e+12	0.399176	0.3995075	0.3677419	0.1552654
2.301025e+12	0.3916723	0.3968322	0.3612354	0.1513808
2.307129e+12	0.4057245	0.3844538	0.376108	0.1521681
2.313232e+12	0.406652	0.420557	0.371217	0.1660234
2.319336e+12	0.4030963	0.4297705	0.3664393	0.167955
2.325439e+12	0.3986031	0.4319255	0.361996	0.1668634
2.331543e+12	0.3998636	0.4285331	0.3637064	0.1661581
2.337646e+12	0.4013298	0.4373648	0.363553	0.1699848
2.34375e+12	0.3981528	0.4347713	0.3611112	0.1677031
2.349854e+12	0.4030737	0.4363935	0.3652984	0.1703687
2.355957e+12	0.4046625	0.4412544	0.3659026	0.1728209
2.362061e+12	0.4026415	0.4621527	0.3604023	0.1795282
2.368164e+12	0.3953083	0.4375552	0.3580664	0.1675025
2.374268e+12	0.4085347	0.4416541	0.3693342	0.1746222
2.380371e+12	0.405894	0.4515523	0.3652116	0.177117
2.386475e+12	0.4088176	0.4642396	0.3655493	0.1830452
2.392578e+12	0.3959436	0.4712279	0.3527903	0.1797508
2.398682e+12	0.4028684	0.4353793	0.3652849	0.1699115
2.404785e+12	0.4047416	0.4547555	0.3636071	0.1777798
2.410889e+12	0.4136009	0.4485714	0.3726823	0.1793699
2.416992e+12	0.401073	0.4868474	0.3544732	0.1876387
2.423096e+12	0.4050368	0.4558811	0.3636718	0.1783189
2.429199e+12	0.3922769	0.4740947	0.3490113	0.1790875
2.435303e+12	0.4051542	0.4345635	0.3674967	0.1705758
2.441406e+12	0.3956458	0.4617953	0.3542035	0.1762824
2.44751e+12	0.4169816	0.4509976	0.3752888	0.1817471
2.453613e+12	0.394148	0.4966922	0.3465206	0.1878194
2.459717e+12	0.3933412	0.4812717	0.3486603	0.1820803
2.46582e+12	0.3799341	0.429155	0.3454808	0.1580916
2.471924e+12	0.3994339	0.4411203	0.3611976	0.1705394
2.478027e+12	0.3977515	0.4370681	0.3603615	0.1683623
2.484131e+12	0.3966071	0.4490921	0.3572802	0.1721861
2.490234e+12	0.4043687	0.4340717	0.3668679	0.1700647
2.496338e+12	0.4014331	0.4592512	0.3598384	0.177946
2.502441e+12	0.4007124	0.4487869	0.3610315	0.1738582
2.508545e+12	0.3999744	0.434833	0.362753	0.1684928
2.514648e+12	0.412011	0.4317946	0.3741951	0.1724272
2.520752e+12	0.4329744	0.445107	0.3907874	0.1864191
2.526855e+12	0.4209596	0.5460926	0.3597354	0.2186263
2.532959e+12	0.3921359	0.4970412	0.3446864	0.1869809
2.539062e+12	0.4030005	0.463535	0.3604749	0.1801867
2.545166e+12	0.4186762	0.4996816	0.3674868	0.200607
2.55127e+12	0.3982283	0.510489	0.3474565	0.1945759
2.557373e+12	0.4069012	0.5001018	0.3570695	0.1951152
2.563477e+12	0.3997313	0.5137151	0.3481359	0.1964344
2.56958e+12	0.3970764	0.507634	0.3470039	0.1930232
2.575684e+12	0.4009663	0.5021737	0.3514623	0.1929979
2.581787e+12	0.397643	0.5164975	0.3457721	0.196371
2.587891e+12	0.3973342	0.5302304	0.3427764	0.2009446
2.593994e+12	0.3873882	0.4992217	0.3401096	0.1854592
2.600098e+12	0.4040304	0.5403521	0.3464672	0.2078485
2.606201e+12	0.3872281	0.5396795	0.3321927	0.1989814
2.612305e+12	0.3873827	0.5840198	0.3231752	0.2135958
2.618408e+12	0.3559583	0.5403853	0.305238	0.1831286
2.624512e+12	0.3751691	0.516822	0.3261697	0.1853784
2.630615e+12	0.3656584	0.5396889	0.3136869	0.1879006
2.636719e+12	0.3618206	0.5523408	0.3080174	0.1898406
2.642822e+12	0.308975	0.4205624	0.2820508	0.1261464
2.648926e+12	0.3984419	0.3494964	0.3743542	0.1364363
2.655029e+12	0.4142562	0.5329326	0.3568075	0.2104676
2.661133e+12	0.3775873	0.5043546	0.3305726	0.1824663
2.667236e+12	0.3838691	0.5008346	0.3367231	0.1843177
2.67334e+12	0.3858543	0.4810796	0.3420582	0.1785489
2.679443e+12	0.4073007	0.4943616	0.3585353	0.1932519
2.685547e+12	0.3972871	0.5801502	0.3322831	0.2177728
2.69165e+12	0.3705208	0.5015819	0.3248812	0.1781513
2.697754e+12	0.4125876	0.5075366	0.3605787	0.2005283
2.703857e+12	0.379771	0.5862034	0.3163671	0.2100902
2.709961e+12	0.3983985	0.4762878	0.354058	0.1826591
2.716064e+12	0.3946411	0.6258736	0.3198375	0.2311829
2.722168e+12	0.3656592	0.4818993	0.3240166	0.1694695
2.728271e+12	0.3895638	0.5382644	0.3344793	0.1997085
2.734375e+12	0.3796984	0.5276644	0.3280539	0.1911845
2.740479e+12	0.3510715	0.4882636	0.3100483	0.1646852
2.746582e+12	0.4028079	0.3950856	0.3717771	0.1550356
2.752686e+12	0.4092618	0.5004998	0.3590629	0.19639
2.758789e+12	0.4159236	0.5149857	0.3619782	0.2048517
2.764893e+12	0.3905858	0.6284947	0.31595	0.2296362
2.770996e+12	0.3155773	0.6514062	0.2509572	0.1913362
2.7771e+12	0.3404053	0.2319177	0.3312918	0.07824025
2.783203e+12	0.358341	0.3841125	0.3322292	0.1342834
2.789307e+12	0.4005651	0.2760766	0.3853966	0.1091872
2.79541e+12	0.3970509	0.4447315	0.3584282	0.1708174
2.801514e+12	0.3663969	0.3224169	0.3475174	0.1160965
2.807617e+12	0.4308085	0.3266996	0.4080216	0.1382546
2.813721e+12	0.3958477	0.4795033	0.3512056	0.1826198
2.819824e+12	0.3908258	0.3239074	0.3705025	0.1243894
2.825928e+12	0.4048713	0.4395677	0.3663824	0.1722923
2.832031e+12	0.4027707	0.3485449	0.3785524	0.1375585
2.838135e+12	0.4272668	0.4331939	0.3878001	0.1793546
2.844238e+12	0.4010599	0.5292232	0.3461947	0.2024803
2.850342e+12	0.3755744	0.4106713	0.3443466	0.1499387
2.856445e+12	0.3959239	0.4742606	0.352226	0.1808108
2.862549e+12	0.3986708	0.4525809	0.3585332	0.174334
2.868652e+12	0.3822376	0.5220975	0.331314	0.1906216
2.874756e+12	0.385362	0.5005006	0.3380945	0.1849217
2.880859e+12	0.3375449	0.5194834	0.2930146	0.167568
2.886963e+12	0.3680198	0.404124	0.3383748	0.1447103
2.893066e+12	0.3664774	0.3651801	0.3423117	0.1308755
2.89917e+12	0.3772267	0.4362809	0.3418917	0.1594053
2.905273e+12	0.4095911	0.197917	0.4015952	0.08053683
2.911377e+12	0.4871923	0.3980666	0.4490997	0.1888537
2.91748e+12	0.4854141	0.5017534	0.4255822	0.2334665
2.923584e+12	0.4288321	0.5486931	0.3658825	0.2236671
2.929687e+12	0.4510006	0.4975891	0.3963104	0.2152664
2.935791e+12	0.4495836	0.5437213	0.3847489	0.2325805
2.941895e+12	0.4113043	0.6203139	0.3346766	0.2390873
2.947998e+12	0.4055367	0.3330174	0.3832567	0.1325684
2.954102e+12	0.470879	0.5334805	0.4054467	0.2394576
2.960205e+12	0.4667263	0.3405846	0.4399173	0.1559044
2.966309e+12	0.5078811	0.592822	0.42122	0.2837551
2.972412e+12	0.4443644	0.4961239	0.3907893	0.2115265
2.978516e+12	0.4786715	0.572387	0.4023763	0.2592677
2.984619e+12	0.4426287	0.5923746	0.3672124	0.247134
2.990723e+12	0.4299318	0.6109331	0.3521628	0.2466227
2.996826e+12	0.3635743	0.5931782	0.3014643	0.2032377
3.00293e+12	0.4023831	0.3529128	0.3775842	0.1390767
3.009033e+12	0.4260548	0.6139486	0.3482485	0.2454499
3.015137e+12	0.2478816	0.02108848	0.2478265	0.005227059
3.02124e+12	0.5262	0.224031	0.5130502	0.1169015
3.027344e+12	0.3893063	0.3733927	0.3624812	0.1420098
3.033447e+12	0.5722528	0.2039197	0.5603959	0.1158866
3.039551e+12	0.5524486	0.5117515	0.4816734	0.2705369
3.045654e+12	0.5195923	0.6425923	0.415957	0.3113775
3.051758e+12	0.3973201	0.506511	0.3474335	0.1927516
3.057861e+12	0.5052897	0.487692	0.4463814	0.2367728
3.063965e+12	0.4566624	0.5359497	0.3926311	0.2331982
3.070068e+12	0.5491596	0.607109	0.4510252	0.3132931
3.076172e+12	0.4052541	0.695952	0.3110097	0.259815
3.082275e+12	0.5111948	0.4475867	0.4608392	0.2212406
3.088379e+12	0.5941005	0.7335407	0.4413029	0.3977526
3.094482e+12	0.376139	0.8675134	0.2432586	0.2868899
3.100586e+12	0.5114201	0.2695639	0.4929513	0.1361968
3.106689e+12	0.7348603	0.723796	0.5506288	0.4866493
3.112793e+12	0.5115266	1.01578	0.2695525	0.4347423
3.118896e+12	0.4940205	0.6684844	0.3876885	0.3061926
3.125e+12	0.5776892	0.7361594	0.4280982	0.3878876
3.131104e+12	0.5670708	0.8519431	0.3734286	0.4267556
3.137207e+12	0.6263617	0.4773706	0.5563383	0.2877789
3.143311e+12	0.7884528	1.176807	0.3026671	0.7280456
3.149414e+12	0.4211507	0.7325443	0.3131151	0.2816502
3.155518e+12	0.5660996	1.014373	0.2989868	0.4807033
3.161621e+12	0.5671474	0.6969319	0.4348972	0.3640338
