#param comment,Experimental 255x230
#column freq
#column |t|
#column phase(t)
#column real t
#column imag t
0.05493164e+12	0.5133891	-0.2129788	0.5017894	-0.1085163
0.06103516e+12	0.3532109	-0.5330577	0.3042054	-0.1794909
0.06713867e+12	0.3414102	0.04563308	0.3410548	0.01557419
0.07324219e+12	0.3308749	-1.246172	0.1055334	-0.3135936
0.0793457e+12	0.2548563	-0.6475185	0.2032691	-0.1537316
0.08544922e+12	0.4096545	-1.190376	0.1521092	-0.3803677
0.09155273e+12	0.2217109	-0.6111377	0.1815803	-0.1272176
0.09765625e+12	0.4144973	-0.6215532	0.3369759	-0.2413612
0.1037598e+12	0.2089529	-1.083691	0.0978045	-0.18465
0.1098633e+12	0.2774642	-0.4398716	0.2510514	-0.1181507
0.1159668e+12	0.1879557	-1.143924	0.07781849	-0.1710895
0.1220703e+12	0.1645824	-0.7039312	0.1254618	-0.1065209
0.1281738e+12	0.2082167	-1.279095	0.05987939	-0.1994208
0.1342773e+12	0.2290678	-1.160145	0.09144544	-0.2100233
0.1403809e+12	0.2881929	-1.104785	0.1294927	-0.2574622
0.1464844e+12	0.2738147	-1.05826	0.1342759	-0.2386305
0.1525879e+12	0.3612607	-0.3134768	0.3436554	-0.1114012
0.1586914e+12	0.2260145	-0.9559396	0.1303745	-0.1846213
0.1647949e+12	0.1943586	-0.9173587	0.1181544	-0.1543204
0.1708984e+12	0.2552028	-1.133515	0.1080729	-0.2311898
0.177002e+12	0.2338349	-1.102157	0.1056169	-0.2086237
0.1831055e+12	0.2731285	-1.202961	0.09821594	-0.2548584
0.189209e+12	0.2974196	-1.237969	0.09717196	-0.2810979
0.1953125e+12	0.3330909	-1.206567	0.1186567	-0.3112397
0.201416e+12	0.3642735	-1.150257	0.1487159	-0.3325339
0.2075195e+12	0.360083	-1.091774	0.1659664	-0.3195542
0.2136231e+12	0.3457946	-1.025805	0.1792635	-0.2957001
0.2197266e+12	0.3460269	-1.104823	0.1554675	-0.3091351
0.2258301e+12	0.383272	-1.076853	0.1817099	-0.3374595
0.2319336e+12	0.3504685	-1.068988	0.1685794	-0.3072607
0.2380371e+12	0.3682647	-1.098252	0.167617	-0.3279077
0.2441406e+12	0.3861895	-1.111195	0.1713101	-0.3461144
0.2502441e+12	0.3987855	-1.080655	0.1877287	-0.351835
0.2563477e+12	0.4074735	-1.073935	0.1942299	-0.358203
0.2624512e+12	0.414343	-1.060295	0.2024543	-0.361514
0.2685547e+12	0.4235688	-1.039937	0.214442	-0.3652741
0.2746582e+12	0.4300112	-1.043198	0.2164933	-0.3715377
0.2807617e+12	0.4499016	-0.9877403	0.2477057	-0.3755707
0.2868652e+12	0.4298645	-0.9978297	0.2330413	-0.3612136
0.2929687e+12	0.4431718	-0.9980085	0.2401889	-0.3724386
0.2990723e+12	0.4573094	-0.9814666	0.2541744	-0.3801675
0.3051758e+12	0.4561448	-0.9714878	0.2572983	-0.3766505
0.3112793e+12	0.4680453	-0.9540132	0.2707239	-0.3818048
0.3173828e+12	0.4668791	-0.9522336	0.2707267	-0.3803723
0.3234863e+12	0.4816751	-0.954871	0.2782705	-0.3931621
0.3295898e+12	0.490621	-0.9297698	0.2934004	-0.3932241
0.3356934e+12	0.491035	-0.928438	0.2941719	-0.3931644
0.3417969e+12	0.5129635	-0.9214633	0.3101661	-0.4085689
0.3479004e+12	0.508679	-0.8893507	0.3204253	-0.3950721
0.3540039e+12	0.5127367	-0.9001849	0.318648	-0.4016994
0.3601074e+12	0.5240185	-0.8865951	0.3312081	-0.4060746
0.3662109e+12	0.5241368	-0.8867519	0.3312192	-0.4062182
0.3723145e+12	0.5382926	-0.8815978	0.3423104	-0.4154305
0.378418e+12	0.5423529	-0.8791116	0.345932	-0.4177053
0.3845215e+12	0.5576317	-0.8766139	0.356749	-0.4285829
0.390625e+12	0.5718964	-0.8561814	0.3747789	-0.4319795
0.3967285e+12	0.5696108	-0.8265288	0.3858732	-0.4189968
0.402832e+12	0.5705662	-0.8419021	0.3800229	-0.4255918
0.4089356e+12	0.5838062	-0.8318723	0.3931894	-0.4315459
0.4150391e+12	0.5883965	-0.8147462	0.4036713	-0.4280888
0.4211426e+12	0.5876271	-0.8230141	0.3995948	-0.4308474
0.4272461e+12	0.6054991	-0.8166404	0.4145693	-0.4413179
0.4333496e+12	0.6128589	-0.8025687	0.4258522	-0.4407334
0.4394532e+12	0.6187885	-0.7929128	0.4342492	-0.4408252
0.4455567e+12	0.6283513	-0.7843164	0.4447919	-0.4438305
0.4516602e+12	0.6343955	-0.7725371	0.4543175	-0.4427792
0.4577637e+12	0.6454135	-0.7584355	0.468514	-0.4439068
0.4638672e+12	0.6457263	-0.7405017	0.4766301	-0.4356446
0.4699707e+12	0.6491457	-0.7311538	0.483227	-0.4334534
0.4760742e+12	0.649591	-0.7325032	0.4829727	-0.4344029
0.4821778e+12	0.6618041	-0.7230167	0.4962294	-0.4378825
0.4882813e+12	0.6650639	-0.7161009	0.5017049	-0.4365801
0.4943848e+12	0.6760841	-0.7110658	0.5122464	-0.4412406
0.5004883e+12	0.6851289	-0.6970787	0.5253026	-0.4398395
0.5065918e+12	0.6915627	-0.6838334	0.5360694	-0.4369079
0.5126953e+12	0.6956761	-0.67251	0.5441999	-0.4333724
0.5187988e+12	0.7035796	-0.6639541	0.5541124	-0.4335709
0.5249023e+12	0.7074761	-0.6496008	0.5633811	-0.4279301
0.5310059e+12	0.7124858	-0.6389373	0.5719337	-0.4248857
0.5371094e+12	0.7108301	-0.6316808	0.5736656	-0.4197466
0.5432129e+12	0.7200444	-0.6335967	0.5802861	-0.4263002
0.5493164e+12	0.7329524	-0.6230712	0.5952234	-0.4277011
0.5554199e+12	0.7379775	-0.6037471	0.6075134	-0.4189728
0.5615234e+12	0.7382059	-0.595942	0.610954	-0.4143466
0.567627e+12	0.7446002	-0.5937388	0.6171654	-0.4165769
0.5737305e+12	0.756063	-0.5793626	0.6326824	-0.4139375
0.579834e+12	0.7566534	-0.5656751	0.6387872	-0.4055555
0.5859375e+12	0.7619273	-0.556701	0.6468785	-0.4025934
0.592041e+12	0.7620664	-0.5478237	0.6505457	-0.3969076
0.5981445e+12	0.7672566	-0.5429516	0.6569154	-0.3964149
0.604248e+12	0.775378	-0.5349567	0.6670505	-0.3952907
0.6103516e+12	0.7753543	-0.5232902	0.6715961	-0.3874699
0.6164551e+12	0.7864973	-0.5229099	0.6813974	-0.3927793
0.6225586e+12	0.7913041	-0.5075803	0.691539	-0.3846245
0.6286621e+12	0.7970955	-0.4986279	0.7000408	-0.3811878
0.6347656e+12	0.8018122	-0.4896712	0.7075893	-0.3771209
0.6408691e+12	0.8085617	-0.4783361	0.7178105	-0.3721831
0.6469727e+12	0.8145321	-0.4689653	0.7265923	-0.3681388
0.6530762e+12	0.8178457	-0.4543346	0.7348779	-0.3589234
0.6591797e+12	0.8233775	-0.4497011	0.7415149	-0.3579192
0.6652832e+12	0.8272893	-0.4364085	0.749752	-0.3496847
0.6713867e+12	0.8384184	-0.4279437	0.7628106	-0.3479443
0.6774902e+12	0.840753	-0.4111679	0.7706802	-0.3360323
0.6835937e+12	0.8464829	-0.4004004	0.7795303	-0.3299481
0.6896973e+12	0.8524048	-0.3885624	0.788862	-0.3229407
0.6958008e+12	0.8574571	-0.3673265	0.8002568	-0.3079313
0.7019043e+12	0.85565	-0.3535261	0.8027347	-0.2962329
0.7080078e+12	0.8558902	-0.3375449	0.8075927	-0.2834465
0.7141113e+12	0.8553568	-0.3260729	0.8102859	-0.2739925
0.7202148e+12	0.8523661	-0.3041909	0.8132337	-0.2553018
0.7263184e+12	0.8369651	-0.28845	0.8023866	-0.2380886
0.7324219e+12	0.8155356	-0.2913508	0.7811663	-0.2342597
0.7385254e+12	0.8048468	-0.3146152	0.7653413	-0.2490604
0.7446289e+12	0.8188835	-0.3412564	0.7716625	-0.2740568
0.7507324e+12	0.8414271	-0.3450158	0.7918419	-0.2845803
0.7568359e+12	0.8620143	-0.3351371	0.8140563	-0.2835154
0.7629395e+12	0.8728467	-0.3206224	0.828366	-0.275084
0.769043e+12	0.882898	-0.3078837	0.8413815	-0.2675557
0.7751465e+12	0.8889716	-0.2947361	0.8506381	-0.258235
0.78125e+12	0.896726	-0.2840533	0.8607918	-0.2513064
0.7873535e+12	0.903776	-0.2714868	0.8706737	-0.2423602
0.793457e+12	0.9106363	-0.2566199	0.880816	-0.231131
0.7995605e+12	0.9143322	-0.2431183	0.8874435	-0.2201075
0.8056641e+12	0.9174496	-0.2303219	0.8932225	-0.2094454
0.8117676e+12	0.9251488	-0.2196035	0.9029303	-0.2015369
0.8178712e+12	0.927213	-0.1998467	0.9087586	-0.1840695
0.8239747e+12	0.9256755	-0.1908283	0.9088721	-0.1755749
0.8300782e+12	0.931926	-0.1823373	0.9164771	-0.1689848
0.8361817e+12	0.9405118	-0.1658995	0.9275987	-0.1553157
0.8422852e+12	0.9392534	-0.1478009	0.9290131	-0.1383176
0.8483887e+12	0.9404805	-0.1363153	0.9317561	-0.1278053
0.8544922e+12	0.9410348	-0.123666	0.9338482	-0.1160777
0.8605958e+12	0.9459298	-0.1095638	0.9402578	-0.1034325
0.8666993e+12	0.9456453	-0.09512687	0.94137	-0.08982067
0.8728028e+12	0.9472882	-0.07841039	0.9443777	-0.07420114
0.8789063e+12	0.9454227	-0.06722021	0.9432876	-0.06350367
0.8850098e+12	0.9474078	-0.04941297	0.9462515	-0.04679518
0.8911133e+12	0.9448518	-0.03528476	0.9442636	-0.03333195
0.8972169e+12	0.9416494	-0.01941538	0.9414719	-0.01828133
0.9033204e+12	0.9402121	-0.007897139	0.9401827	-0.007424908
0.9094239e+12	0.9366606	0.00887537	0.9366238	0.008313101
0.9155274e+12	0.9331407	0.02192926	0.9329163	0.02046145
0.9216309e+12	0.9269802	0.03623605	0.9263717	0.03358275
0.9277344e+12	0.9234236	0.04665375	0.9224188	0.04306554
0.933838e+12	0.9198582	0.06176972	0.9181039	0.05678326
0.9399415e+12	0.9111129	0.07455993	0.9085816	0.06786959
0.946045e+12	0.906864	0.08374143	0.9036861	0.07585336
0.9521485e+12	0.9012094	0.09478807	0.8971638	0.08529603
0.958252e+12	0.8978044	0.109668	0.8924109	0.09826319
0.9643555e+12	0.8872835	0.1210384	0.880792	0.1071334
0.970459e+12	0.8813066	0.1321187	0.8736261	0.1160986
0.9765626e+12	0.8721437	0.1407981	0.8635133	0.1223909
0.9826661e+12	0.8632928	0.1535692	0.853133	0.1320547
0.9887696e+12	0.8527874	0.1561263	0.842415	0.1326023
0.9948731e+12	0.8459806	0.1643965	0.8345745	0.1384507
1.000977e+12	0.8414851	0.1664331	0.8298574	0.1394053
1.00708e+12	0.8345075	0.178736	0.8212131	0.1483636
1.013184e+12	0.8261874	0.1851499	0.8120668	0.152096
1.019287e+12	0.8151727	0.1910002	0.8003486	0.1547532
1.025391e+12	0.80781	0.1916811	0.7930152	0.1538955
1.031494e+12	0.8015239	0.194417	0.7864236	0.1548501
1.037598e+12	0.7950691	0.1972907	0.7796457	0.1558441
1.043701e+12	0.7887283	0.1984966	0.7732409	0.1555338
1.049805e+12	0.7846208	0.1986935	0.7691836	0.1548753
1.055908e+12	0.7803302	0.2042203	0.7641145	0.1582539
1.062012e+12	0.7732895	0.2027659	0.7574474	0.1557246
1.068115e+12	0.7712905	0.2064056	0.7549191	0.1580707
1.074219e+12	0.7663198	0.2049019	0.7502891	0.155924
1.080322e+12	0.7643911	0.2107944	0.7474713	0.1599388
1.086426e+12	0.7574484	0.2113101	0.7406005	0.1588681
1.092529e+12	0.7562997	0.2113767	0.7394668	0.1586763
1.098633e+12	0.7523521	0.2175181	0.7346237	0.1623627
1.104736e+12	0.7452593	0.2181566	0.7275953	0.1612967
1.11084e+12	0.7409835	0.2157386	0.7238065	0.1586216
1.116943e+12	0.7393216	0.2122267	0.7227345	0.1557286
1.123047e+12	0.7415941	0.2161312	0.7243405	0.1590367
1.12915e+12	0.7351953	0.2219744	0.717157	0.1618576
1.135254e+12	0.7333776	0.2183926	0.7159577	0.1588941
1.141357e+12	0.7312607	0.2251158	0.7128097	0.1632314
1.147461e+12	0.7272855	0.2257843	0.7088261	0.162818
1.153564e+12	0.7223184	0.2283702	0.7035646	0.1635259
1.159668e+12	0.7195452	0.2261203	0.7012281	0.1613208
1.165771e+12	0.7160656	0.2293131	0.6973209	0.1627679
1.171875e+12	0.7125254	0.2275499	0.694158	0.1607395
1.177979e+12	0.7078555	0.2278798	0.6895556	0.1599135
1.184082e+12	0.7057709	0.2207921	0.6886377	0.1545656
1.190186e+12	0.7067574	0.2202044	0.6896912	0.1543763
1.196289e+12	0.7081366	0.2210081	0.6909125	0.1552329
1.202393e+12	0.7051934	0.2245202	0.6874938	0.1570033
1.208496e+12	0.7059584	0.2228591	0.6884997	0.1560302
1.2146e+12	0.7039395	0.2289264	0.6855741	0.1597465
1.220703e+12	0.7011572	0.2301121	0.6826753	0.1599246
1.226807e+12	0.6969526	0.2298644	0.6786208	0.1587975
1.23291e+12	0.6984687	0.2279542	0.6803999	0.1578435
1.239014e+12	0.6937641	0.2325566	0.6750882	0.1598891
1.245117e+12	0.6939596	0.2279413	0.6760094	0.1568158
1.251221e+12	0.6927264	0.231129	0.6743057	0.1586874
1.257324e+12	0.6908985	0.2306452	0.6726029	0.1579433
1.263428e+12	0.6917183	0.2289891	0.6736619	0.1570153
1.269531e+12	0.6914362	0.2339077	0.6726071	0.1602615
1.275635e+12	0.690336	0.23528	0.6713167	0.1609279
1.281738e+12	0.6878649	0.2391801	0.6682832	0.1629594
1.287842e+12	0.6860318	0.2393231	0.666479	0.1626205
1.293945e+12	0.6829578	0.2415593	0.6631289	0.1633751
1.300049e+12	0.6805732	0.2371605	0.6615232	0.1598963
1.306152e+12	0.6834969	0.2378743	0.6642503	0.1610574
1.312256e+12	0.6815733	0.2412717	0.6618315	0.1628536
1.318359e+12	0.6816553	0.2442772	0.6614186	0.1648618
1.324463e+12	0.676702	0.2457387	0.6563724	0.1646233
1.330566e+12	0.6778572	0.2439117	0.657793	0.1637028
1.33667e+12	0.6763036	0.2473886	0.6557137	0.1656084
1.342773e+12	0.6737195	0.2501011	0.6527583	0.1667469
1.348877e+12	0.6700343	0.2473884	0.6496353	0.1640731
1.35498e+12	0.671016	0.246343	0.6507586	0.1636333
1.361084e+12	0.6690165	0.2480429	0.6485412	0.1642484
1.367187e+12	0.667361	0.2478412	0.6469693	0.1637114
1.373291e+12	0.6639664	0.2431291	0.6444388	0.1598438
1.379395e+12	0.6711279	0.2395504	0.6519637	0.1592357
1.385498e+12	0.6682432	0.2509646	0.6473094	0.1659505
1.391602e+12	0.6662278	0.244988	0.6463344	0.16159
1.397705e+12	0.6678997	0.2498176	0.6471665	0.165123
1.403809e+12	0.6648527	0.2504411	0.6441115	0.1647713
1.409912e+12	0.6643819	0.251792	0.6434323	0.165524
1.416016e+12	0.6608078	0.2521944	0.6399046	0.1648911
1.422119e+12	0.6604654	0.2462943	0.6405343	0.1610292
1.428223e+12	0.6632679	0.2496713	0.6427024	0.1638838
1.434326e+12	0.6595538	0.2496083	0.6391138	0.1629259
1.44043e+12	0.662254	0.2478889	0.6420106	0.1624893
1.446533e+12	0.6605107	0.2484744	0.6402256	0.1624364
1.452637e+12	0.6656168	0.2523446	0.6445364	0.1661879
1.45874e+12	0.6597174	0.2568481	0.6380757	0.1675902
1.464844e+12	0.6601231	0.2574229	0.6383716	0.1680602
1.470947e+12	0.6563661	0.2552838	0.6350943	0.1657456
1.477051e+12	0.6581498	0.2563984	0.6366346	0.1669057
1.483154e+12	0.6560774	0.2557128	0.6347439	0.165945
1.489258e+12	0.6549148	0.2590526	0.6330623	0.1677662
1.495361e+12	0.6539528	0.248668	0.6338379	0.1609464
1.501465e+12	0.6569839	0.258404	0.6351714	0.1678843
1.507568e+12	0.6543079	0.253212	0.6334438	0.1639138
1.513672e+12	0.6540601	0.2549996	0.63291	0.1649834
1.519775e+12	0.6557564	0.2526336	0.634941	0.1639095
1.525879e+12	0.6570718	0.2548594	0.6358476	0.165654
1.531982e+12	0.6548795	0.259383	0.6329728	0.1679662
1.538086e+12	0.655778	0.2562606	0.6343632	0.1662168
1.544189e+12	0.6532816	0.2628787	0.6308387	0.1697627
1.550293e+12	0.6536505	0.25824	0.631976	0.1669288
1.556396e+12	0.6477824	0.263944	0.6253487	0.1689999
1.5625e+12	0.6520293	0.2529023	0.6312885	0.1631475
1.568604e+12	0.6453372	0.2563713	0.6242453	0.1636395
1.574707e+12	0.6566111	0.2491708	0.6363331	0.1619206
1.580811e+12	0.6507696	0.2603245	0.6288429	0.1675043
1.586914e+12	0.6527194	0.2531075	0.6319231	0.1634499
1.593018e+12	0.6534818	0.2601156	0.6314988	0.1680705
1.599121e+12	0.6509469	0.257318	0.6295151	0.165658
1.605225e+12	0.6529146	0.2605176	0.6308832	0.1681782
1.611328e+12	0.6490156	0.2581232	0.6275142	0.1656719
1.617432e+12	0.6512463	0.2586787	0.6295786	0.1665911
1.623535e+12	0.6526866	0.2505344	0.6323098	0.1618152
1.629639e+12	0.6546444	0.2657431	0.6316648	0.1719269
1.635742e+12	0.6525407	0.2540662	0.6315932	0.1640107
1.641846e+12	0.6541301	0.2605534	0.6320516	0.1685139
1.647949e+12	0.6566666	0.2647347	0.6337897	0.171819
1.654053e+12	0.6493508	0.258404	0.6277917	0.1659337
1.660156e+12	0.6593222	0.2605145	0.6370751	0.1698267
1.66626e+12	0.6540444	0.2636735	0.63144	0.1704629
1.672363e+12	0.654704	0.266003	0.6316776	0.1721067
1.678467e+12	0.6497403	0.2562163	0.62853	0.1646586
1.68457e+12	0.6572961	0.2509649	0.6367052	0.1632321
1.690674e+12	0.6634884	0.2512584	0.6426551	0.1649585
1.696777e+12	0.6621593	0.2599423	0.639914	0.1701914
1.702881e+12	0.6677264	0.2547169	0.646182	0.168248
1.708984e+12	0.6663763	0.2626395	0.6435249	0.1730116
1.715088e+12	0.671289	0.2603667	0.6486636	0.1728132
1.721192e+12	0.6704832	0.2695069	0.6462803	0.1785203
1.727295e+12	0.6693494	0.2666748	0.6456896	0.1763904
1.733399e+12	0.6725028	0.2685139	0.6484045	0.1784143
1.739502e+12	0.673026	0.2683843	0.6489321	0.1784689
1.745606e+12	0.6760352	0.2761186	0.6504276	0.184303
1.751709e+12	0.6719663	0.2693036	0.6477463	0.1787835
1.757813e+12	0.6798631	0.2773888	0.6538745	0.1861773
1.763916e+12	0.6765588	0.2739062	0.6513378	0.1830052
1.77002e+12	0.6819323	0.276659	0.6560007	0.1862652
1.776123e+12	0.6862308	0.2813268	0.6592537	0.1905186
1.782227e+12	0.6858935	0.2871168	0.6578161	0.1942369
1.78833e+12	0.6893662	0.2938545	0.6598163	0.1996705
1.794434e+12	0.6850659	0.3004068	0.654386	0.202717
1.800537e+12	0.6857451	0.2969211	0.6557382	0.2006335
1.806641e+12	0.6895472	0.3017476	0.6583925	0.2049261
1.812744e+12	0.6892079	0.3072885	0.6569235	0.2084683
1.818848e+12	0.6900995	0.3098195	0.6572429	0.2104022
1.824951e+12	0.6907995	0.3126752	0.6573055	0.2124936
1.831055e+12	0.6931174	0.3177583	0.6584187	0.2165561
1.837158e+12	0.6922947	0.3223834	0.6566297	0.2193384
1.843262e+12	0.694019	0.3224583	0.6582487	0.219934
1.849365e+12	0.6980973	0.3320427	0.6599662	0.2275622
1.855469e+12	0.6953139	0.3384073	0.655879	0.2308339
1.861572e+12	0.6941726	0.3449729	0.6532751	0.2347492
1.867676e+12	0.690644	0.3399943	0.6511092	0.2303171
1.873779e+12	0.6987656	0.3502234	0.6563478	0.2397518
1.879883e+12	0.6930213	0.3525384	0.6504	0.2392872
1.885986e+12	0.6945865	0.3606561	0.6499006	0.2451113
1.89209e+12	0.6931357	0.3621839	0.6481687	0.2455899
1.898193e+12	0.6878124	0.3647783	0.6425563	0.2453717
1.904297e+12	0.6953639	0.3626535	0.6501366	0.2466848
1.910401e+12	0.6948459	0.3744481	0.6466998	0.2541461
1.916504e+12	0.6929833	0.3831738	0.6427301	0.2590829
1.922608e+12	0.6882658	0.3830813	0.6383784	0.2572601
1.928711e+12	0.6911365	0.3903607	0.6391436	0.2629926
1.934815e+12	0.6846297	0.3977144	0.6311934	0.2651654
1.940918e+12	0.677319	0.3967841	0.6246971	0.2617528
1.947022e+12	0.6836252	0.3868616	0.6331037	0.2579207
1.953125e+12	0.6819972	0.4024933	0.6274969	0.2671476
1.959229e+12	0.6807219	0.3969458	0.6277931	0.2631694
1.965332e+12	0.6842366	0.4053574	0.6287872	0.2698268
1.971436e+12	0.6801584	0.4141784	0.6226491	0.2737215
1.977539e+12	0.6780099	0.4153951	0.6203498	0.2736119
1.983643e+12	0.6755564	0.421089	0.6165427	0.2761368
1.989746e+12	0.6744549	0.4227112	0.6150895	0.2766847
1.99585e+12	0.6704083	0.4306004	0.6092103	0.2798395
2.001953e+12	0.6679999	0.4300628	0.6071715	0.2785077
2.008057e+12	0.664029	0.4385131	0.6012012	0.2819425
2.01416e+12	0.654223	0.4382108	0.5924069	0.2775999
2.020264e+12	0.6514847	0.4247225	0.5936023	0.268456
2.026367e+12	0.6554238	0.4237006	0.5974671	0.2694687
2.032471e+12	0.6553897	0.4286731	0.5960888	0.2724221
2.038574e+12	0.6510308	0.4286698	0.5921252	0.2706083
2.044678e+12	0.6505399	0.4284776	0.5917307	0.2702906
2.050781e+12	0.6468171	0.4257154	0.5890845	0.2671177
2.056885e+12	0.6497523	0.4245698	0.5920647	0.2676517
2.062988e+12	0.6454133	0.4249275	0.5880158	0.2660747
2.069092e+12	0.6487958	0.4222724	0.5918055	0.2658988
2.075195e+12	0.6466255	0.425276	0.5890273	0.2667798
2.081299e+12	0.6471868	0.4246624	0.5897023	0.2666495
2.087402e+12	0.6459522	0.4228356	0.5890625	0.2650652
2.093506e+12	0.650516	0.4239858	0.592917	0.2676201
2.099609e+12	0.6478164	0.4329503	0.5880436	0.2717918
2.105713e+12	0.6450707	0.4271939	0.5870994	0.2672648
2.111816e+12	0.648513	0.4292338	0.5896831	0.2698944
2.11792e+12	0.6467058	0.429476	0.5879746	0.2692847
2.124023e+12	0.6519411	0.4317279	0.5921217	0.2727987
2.130127e+12	0.6495137	0.436656	0.5885705	0.2746869
2.13623e+12	0.6506139	0.4460027	0.5869699	0.2806506
2.142334e+12	0.6408987	0.4387472	0.5801957	0.2722574
2.148437e+12	0.6494256	0.4357632	0.5887356	0.2741241
2.154541e+12	0.6498398	0.4425247	0.587243	0.2782759
2.160645e+12	0.6440456	0.4431584	0.581832	0.2761635
2.166748e+12	0.6536212	0.4343247	0.5929353	0.2750424
2.172852e+12	0.6508427	0.4535785	0.5850326	0.2851895
2.178955e+12	0.6483742	0.4466565	0.5847663	0.2800668
2.185059e+12	0.6449043	0.4503376	0.5806075	0.2807072
2.191162e+12	0.6496302	0.4390318	0.5880216	0.276134
2.197266e+12	0.6530216	0.4494646	0.5881634	0.283727
2.203369e+12	0.646991	0.4547503	0.5812377	0.284183
2.209473e+12	0.6529057	0.4382715	0.5911973	0.2770768
2.215576e+12	0.6540733	0.4658365	0.5843793	0.2937903
2.22168e+12	0.6491177	0.452575	0.5837672	0.283848
2.227783e+12	0.648458	0.4629185	0.5802097	0.2895763
2.233887e+12	0.6495249	0.4544983	0.583586	0.2851489
2.23999e+12	0.6517938	0.4660995	0.5822657	0.2929196
2.246094e+12	0.6489314	0.4712193	0.5782079	0.2945974
2.252197e+12	0.6427544	0.4719322	0.5724959	0.2922013
2.258301e+12	0.6442353	0.4712152	0.5740248	0.2924631
2.264404e+12	0.6415481	0.47088	0.5717281	0.2910516
2.270508e+12	0.6417608	0.4723489	0.5714893	0.2919878
2.276611e+12	0.6441804	0.4739044	0.5731874	0.2939806
2.282715e+12	0.6403688	0.4756804	0.569276	0.2932526
2.288818e+12	0.6486614	0.4799943	0.5753611	0.2995351
2.294922e+12	0.6398468	0.4936993	0.56344	0.3032149
2.301025e+12	0.6375212	0.4825201	0.5647344	0.2958182
2.307129e+12	0.6459278	0.4889958	0.5702283	0.3034179
2.313232e+12	0.6370277	0.5041189	0.5577818	0.3077074
2.319336e+12	0.6325957	0.4890714	0.5584362	0.2971975
2.325439e+12	0.6416273	0.4880929	0.5667037	0.3008862
2.331543e+12	0.6422387	0.504683	0.5621694	0.3105417
2.337646e+12	0.6366634	0.5023596	0.5580029	0.3065502
2.34375e+12	0.6353686	0.5066712	0.5555439	0.3083249
2.349854e+12	0.636206	0.500001	0.558323	0.305014
2.355957e+12	0.6346968	0.5091543	0.55419	0.309376
2.362061e+12	0.6340724	0.5008256	0.5561997	0.3044498
2.368164e+12	0.638157	0.5080551	0.5575529	0.3104499
2.374268e+12	0.632301	0.5124483	0.5510798	0.3100251
2.380371e+12	0.635354	0.5064417	0.5556018	0.3081903
2.386475e+12	0.6300547	0.5210986	0.5464293	0.3136621
2.392578e+12	0.6307514	0.5053028	0.5519251	0.3053294
2.398682e+12	0.6229562	0.5212522	0.5402253	0.3102113
2.404785e+12	0.6281456	0.5009204	0.5509722	0.3016563
2.410889e+12	0.6245931	0.5151762	0.5435246	0.3077296
2.416992e+12	0.6282788	0.5087463	0.5487109	0.3060237
2.423096e+12	0.6217702	0.5153891	0.5410029	0.306454
2.429199e+12	0.6246717	0.5142591	0.543875	0.3072697
2.435303e+12	0.61743	0.5130301	0.5379428	0.3030466
2.441406e+12	0.6250769	0.5147675	0.5440715	0.3077457
2.44751e+12	0.6140593	0.5171406	0.5337627	0.3035889
2.453613e+12	0.6207485	0.5072038	0.5426	0.3015192
2.459717e+12	0.623577	0.5199676	0.5411621	0.3098255
2.46582e+12	0.6150898	0.525352	0.5321434	0.3084784
2.471924e+12	0.614426	0.5170535	0.5341079	0.3037236
2.478027e+12	0.6187503	0.5173733	0.5377691	0.3060332
2.484131e+12	0.6172779	0.5306735	0.5323814	0.3124132
2.490234e+12	0.6099322	0.5251501	0.527743	0.3057851
2.496338e+12	0.6125942	0.5217472	0.5310884	0.3053143
2.502441e+12	0.6127746	0.522373	0.5310535	0.3057365
2.508545e+12	0.6156682	0.5267087	0.5322244	0.3094908
2.514648e+12	0.6103708	0.5312561	0.5262443	0.309224
2.520752e+12	0.6122589	0.5332776	0.527244	0.3112471
2.526855e+12	0.6018398	0.5309703	0.5189762	0.3047538
2.532959e+12	0.6096687	0.5317546	0.5254849	0.3091303
2.539062e+12	0.5970449	0.5230892	0.5172082	0.2982589
2.545166e+12	0.6114018	0.5250717	0.5290386	0.3064805
2.55127e+12	0.5984275	0.5234776	0.5182897	0.2991509
2.557373e+12	0.612458	0.5259014	0.5296977	0.3074495
2.563477e+12	0.599983	0.532891	0.5167906	0.3048068
2.56958e+12	0.608368	0.5301237	0.5248662	0.3076152
2.575684e+12	0.5986833	0.5420958	0.5128496	0.3088801
2.581787e+12	0.5965779	0.5334697	0.5136821	0.3033741
2.587891e+12	0.599211	0.5379066	0.5145922	0.3069994
2.593994e+12	0.5896771	0.5412389	0.5053952	0.3038006
2.600098e+12	0.5875091	0.5314469	0.5064767	0.2977386
2.606201e+12	0.5937423	0.5148157	0.5167835	0.2923435
2.612305e+12	0.5987495	0.5470821	0.5113597	0.3114679
2.618408e+12	0.5823157	0.5200381	0.5053337	0.2893604
2.624512e+12	0.6080352	0.5358807	0.5228004	0.3104618
2.630615e+12	0.576388	0.565084	0.4867848	0.3086481
2.636719e+12	0.5773855	0.510761	0.5036954	0.2822499
2.642822e+12	0.5866114	0.5319368	0.5055572	0.2975313
2.648926e+12	0.5838907	0.505697	0.5108092	0.2828467
2.655029e+12	0.5972282	0.5159104	0.5194954	0.2946288
2.661133e+12	0.5940298	0.5145018	0.5171255	0.2923228
2.667236e+12	0.6013249	0.5254433	0.5202072	0.3016225
2.67334e+12	0.5929376	0.540145	0.5085235	0.3049243
2.679443e+12	0.5819497	0.5205574	0.5048658	0.2894407
2.685547e+12	0.5972509	0.5148905	0.5198154	0.29411
2.69165e+12	0.5901618	0.5371892	0.5070378	0.3019994
2.697754e+12	0.5808169	0.5280997	0.50169	0.2926695
2.703857e+12	0.5803142	0.5111891	0.5061288	0.2838982
2.709961e+12	0.5893914	0.5208683	0.5112306	0.2933009
2.716064e+12	0.5733505	0.520544	0.4974096	0.2851571
2.722168e+12	0.5827681	0.5082358	0.5091088	0.2835964
2.728271e+12	0.5727443	0.4986233	0.5030079	0.273896
2.734375e+12	0.6007621	0.5019028	0.5266694	0.2890234
2.740479e+12	0.5839431	0.5352237	0.5022813	0.2978305
2.746582e+12	0.5939498	0.5262098	0.5135984	0.298317
2.752686e+12	0.5788281	0.5786387	0.4845995	0.3165523
2.758789e+12	0.5526339	0.5523335	0.4704587	0.2899533
2.764893e+12	0.5614721	0.5349537	0.4830301	0.2862391
2.770996e+12	0.5410933	0.5534937	0.4603044	0.2844325
2.7771e+12	0.5561665	0.4725889	0.4952067	0.2531631
2.783203e+12	0.5617766	0.505351	0.4915571	0.2719643
2.789307e+12	0.5835828	0.4939358	0.5138294	0.2766736
2.79541e+12	0.5884217	0.5385929	0.5051196	0.3018183
2.801514e+12	0.5740857	0.5620298	0.485777	0.305933
2.807617e+12	0.5720305	0.5486248	0.4880807	0.2983221
2.813721e+12	0.5606317	0.5895149	0.4660029	0.3116876
2.819824e+12	0.539635	0.5257953	0.4667438	0.2708434
2.825928e+12	0.5600593	0.5286772	0.4835972	0.2824892
2.832031e+12	0.5598223	0.51457	0.4873278	0.2755224
2.838135e+12	0.5575047	0.4949484	0.4906003	0.264807
2.844238e+12	0.597562	0.4845185	0.5287822	0.2783338
2.850342e+12	0.6032119	0.531365	0.5200387	0.3056539
2.856445e+12	0.5909495	0.5468368	0.5047734	0.3072866
2.862549e+12	0.6089276	0.5439923	0.5210285	0.3151542
2.868652e+12	0.5945705	0.6066245	0.4884855	0.3389631
2.874756e+12	0.5726694	0.5933179	0.4747946	0.320188
2.880859e+12	0.5609921	0.5947691	0.4646574	0.3143337
2.886963e+12	0.5474424	0.6062621	0.4498792	0.3119325
2.893066e+12	0.5058431	0.537595	0.4344902	0.2590279
2.89917e+12	0.5344507	0.468793	0.4767911	0.2414701
2.905273e+12	0.577357	0.4411293	0.5220866	0.2465089
2.911377e+12	0.5924388	0.5054871	0.5183477	0.2868788
2.91748e+12	0.601254	0.5417482	0.5151595	0.3100274
2.923584e+12	0.5629594	0.5626094	0.4761883	0.3002799
2.929687e+12	0.5755335	0.5205386	0.4993049	0.2862402
2.935791e+12	0.5947462	0.5608581	0.5036305	0.3163533
2.941895e+12	0.5447267	0.6329538	0.4392043	0.3222216
2.947998e+12	0.5232708	0.4608949	0.4686701	0.2327246
2.954102e+12	0.5736665	0.5085148	0.5010797	0.279307
2.960205e+12	0.5947625	0.4446937	0.5369174	0.2558557
2.966309e+12	0.6206483	0.5323993	0.5347454	0.3150423
2.972412e+12	0.6228682	0.5477193	0.5317515	0.3243533
2.978516e+12	0.62003	0.5758129	0.5200501	0.3376167
2.984619e+12	0.6168372	0.6134468	0.5043684	0.3551065
2.990723e+12	0.6002345	0.6109815	0.4916433	0.3443375
2.996826e+12	0.5893301	0.6255169	0.4777467	0.3450624
3.00293e+12	0.5753167	0.5617061	0.4869179	0.3064315
3.009033e+12	0.6210639	0.5703163	0.5227683	0.3353114
3.015137e+12	0.5922741	0.6204116	0.4818974	0.3443305
3.02124e+12	0.5968851	0.5616845	0.5051791	0.3179086
